196.3125,7,41.1649,-96.4701,100,339.8989899,673,22.49,406.01,89.3,2.5,3.5,0
196.3541667,8,41.1649,-96.4701,100,511.6161616,1013,24.03,386.91,82.4,2.84,3.5,0
196.3958333,9,41.1649,-96.4701,100,647.6767677,1282.4,25.82,373.01,76.6,3.12,3.5,0
196.4375,10,41.1649,-96.4701,100,875.959596,1734.4,26.82,366.18,75,2.87,3.5,0
196.4791667,11,41.1649,-96.4701,100,957.1717172,1895.2,27.69,359.51,69.5,2.43,3.5,0
196.5208333,12,41.1649,-96.4701,100,921.6666667,1824.9,28.92,358.91,63,2.7,3.5,0
196.5625,13,41.1649,-96.4701,100,869.6969697,1722,29.29,359.01,61,2.51,3.5,0
196.6041667,14,41.1649,-96.4701,100,791.4141414,1567,28.84,356.85,60.8,2.08,3.5,0
196.6458333,15,41.1649,-96.4701,100,755.1010101,1495.1,29.51,357.52,61.3,1.88,3.5,0
196.6875,16,41.1649,-96.4701,100,598.5353535,1185.1,28.92,356.3,62.2,1.52,3.5,0
197.3125,7,41.1649,-96.4701,100,344.7474747,682.6,22.71,496.2,85.6,1.22,3.5,0
197.3541667,8,41.1649,-96.4701,100,521.5151515,1032.6,24.21,406.2,73.8,1.16,3.5,0
197.3958333,9,41.1649,-96.4701,100,660.2525253,1307.3,26.13,381.94,67.9,0.98,3.5,0
197.4375,10,41.1649,-96.4701,100,885.6565657,1753.6,27.02,371.84,68.6,1.72,3.5,0
197.4791667,11,41.1649,-96.4701,100,995.959596,1972,27.97,360.85,66.9,1.58,3.5,0
197.5208333,12,41.1649,-96.4701,100,921.3636364,1824.3,29.39,363.34,63.5,1.95,3.5,0
197.5625,13,41.1649,-96.4701,100,886.4646465,1755.2,29.75,355.82,58.5,2.12,3.5,0
197.6041667,14,41.1649,-96.4701,100,805.7070707,1595.3,29.54,353.19,56.4,2.42,3.5,0
197.6458333,15,41.1649,-96.4701,100,749.3939394,1483.8,29.81,356.32,55.2,2.27,3.5,0
197.6875,16,41.1649,-96.4701,100,576.010101,1140.5,29.13,356.15,55.8,1.83,3.5,0
198.3125,7,41.1649,-96.4701,100,351.5656566,696.1,23.36,399.17,77.8,2.04,3.5,0
198.3541667,8,41.1649,-96.4701,100,525.3030303,1040.1,24.6,382.24,70.2,2.37,3.5,0
198.3958333,9,41.1649,-96.4701,100,656.969697,1300.8,26.07,367.34,65.9,2.56,3.5,0
198.4375,10,41.1649,-96.4701,100,884.1414141,1750.6,27.09,356.82,65.4,2.27,3.5,0
198.4791667,11,41.1649,-96.4701,100,984.0909091,1948.5,27.79,353.33,60,2.61,3.5,0
198.5208333,12,41.1649,-96.4701,100,927.5252525,1836.5,28.67,352.3,54.9,2.82,3.5,0
198.5625,13,41.1649,-96.4701,100,906.6666667,1795.2,29,353.11,50.3,3.2,3.5,0
198.6041667,14,41.1649,-96.4701,100,795.1515152,1574.4,29.1,351.41,51.3,3.02,3.5,0
198.6458333,15,41.1649,-96.4701,100,731.2626263,1447.9,29.04,349.95,52,2.9,3.5,0
198.6875,16,41.1649,-96.4701,100,551.5151515,1092,28.59,349.32,57.7,3.1,3.5,0
199.3125,7,41.1649,-96.4701,100,194.2929293,384.7,23.54,399.82,88.8,2.73,3.5,0
199.3541667,8,41.1649,-96.4701,100,522.4747475,1034.5,24.62,379.12,81.1,2.78,3.5,0
199.3958333,9,41.1649,-96.4701,100,618.5353535,1224.7,25.68,372.47,75.8,3.57,3.5,0
199.4375,10,41.1649,-96.4701,100,875.959596,1734.4,26.72,365.43,73,2.62,3.5,0
199.4791667,11,41.1649,-96.4701,100,843.8383838,1670.8,27.37,361.93,70.8,3.27,3.5,0
199.5208333,12,41.1649,-96.4701,100,455.8080808,902.5,27.49,356.51,73.7,1.88,3.5,0
199.5625,13,41.1649,-96.4701,100,727.5757576,1440.6,27.89,349.88,74.6,2.24,3.5,0
199.6041667,14,41.1649,-96.4701,100,655.8080808,1298.5,28.82,346.4,73.8,2.46,3.5,0
199.6458333,15,41.1649,-96.4701,100,618.1818182,1224,28.94,354.8,68.6,3.05,3.5,0
199.6875,16,41.1649,-96.4701,100,485.1010101,960.5,28.59,357.59,67.9,2.8,3.5,0
200.3125,7,41.1649,-96.4701,100,303.8383838,601.6,24.57,389.01,78.2,4.43,3.5,0
200.3541667,8,41.1649,-96.4701,100,488.5353535,967.3,25.49,379.77,75.8,4.5,3.5,0
200.3958333,9,41.1649,-96.4701,100,629.6969697,1246.8,26.42,375.03,73.3,5.34,3.5,0
200.4375,10,41.1649,-96.4701,100,854.8989899,1692.7,27.36,370.32,69.1,5.58,3.5,0
200.4791667,11,41.1649,-96.4701,100,965.4545455,1911.6,28.1,364.83,69.7,5.23,3.5,0
200.5208333,12,41.1649,-96.4701,100,882.5757576,1747.5,29.05,361.33,67.3,4.74,3.5,0
200.5625,13,41.1649,-96.4701,100,843.4848485,1670.1,29.55,361.96,64.9,5.18,3.5,0
200.6041667,14,41.1649,-96.4701,100,748.2828283,1481.6,29.71,362.07,64.2,4.74,3.5,0
200.6458333,15,41.1649,-96.4701,100,720.8080808,1427.2,30.02,362.43,65.1,4.76,3.5,0
200.6875,16,41.1649,-96.4701,100,551.8686869,1092.7,29.7,360.57,65.2,3.87,3.5,0
201.3125,7,41.1649,-96.4701,100,204.8989899,405.7,25.01,398.35,70.5,1.54,3.5,0
201.3541667,8,41.1649,-96.4701,100,449.040404,889.1,25.78,386.73,68.5,2.19,3.5,0
201.3958333,9,41.1649,-96.4701,100,602.4242424,1192.8,27.19,371.99,67,1.41,3.5,0
201.4375,10,41.1649,-96.4701,100,888.2323232,1758.7,28.19,366.41,66.3,0.87,3.5,0
201.4791667,11,41.1649,-96.4701,100,1000.353535,1980.7,29.01,359.51,62.8,0.46,3.5,0
201.5208333,12,41.1649,-96.4701,100,859.7979798,1702.4,30.09,356.91,61.5,1.46,3.5,0
201.5625,13,41.1649,-96.4701,100,773.2323232,1531,30.7,356.15,62.4,1.58,3.5,0
201.6041667,14,41.1649,-96.4701,100,593.2323232,1174.6,30.07,354.74,62.4,1.59,3.5,0
201.6458333,15,41.1649,-96.4701,100,634.2929293,1255.9,30.2,347.98,63.2,1.8,3.5,0
201.6875,16,41.1649,-96.4701,100,319.2929293,632.2,29.8,350.28,64.8,0.98,3.5,0
202.3125,7,41.1649,-96.4701,100,343.1818182,679.5,25,391.39,65,3.55,3.5,0
202.3541667,8,41.1649,-96.4701,100,498.0808081,986.2,26.18,380.75,63.6,3.7,3.5,0
202.3958333,9,41.1649,-96.4701,100,641.1616162,1269.5,27.31,373.75,60.7,3.64,3.5,0
202.4375,10,41.1649,-96.4701,100,863.6363636,1710,28.41,365.01,58.8,3.48,3.5,0
202.4791667,11,41.1649,-96.4701,100,974.2424242,1929,29.14,365.3,55.9,3.93,3.5,0
202.5208333,12,41.1649,-96.4701,100,904.3434343,1790.6,30.37,361.38,56,3.68,3.5,0
202.5625,13,41.1649,-96.4701,100,870.0505051,1722.7,30.82,359.07,55.6,3.8,3.5,0
202.6041667,14,41.1649,-96.4701,100,791.2626263,1566.7,31.02,356.15,55.5,3.29,3.5,0
202.6458333,15,41.1649,-96.4701,100,729.9494949,1445.3,30.45,353.13,55.1,2.58,3.5,0
202.6875,16,41.1649,-96.4701,100,558.8383838,1106.5,29.52,342.77,58.1,1.27,3.5,0
203.3125,7,41.1649,-96.4701,100,74.64646465,147.8,25.87,400.01,99.9,0.6,3.5,0
203.3541667,8,41.1649,-96.4701,100,92.32323232,182.8,25.95,389.05,98.7,2.64,3.5,0
203.3958333,9,41.1649,-96.4701,100,244.7474747,484.6,26.26,376.43,93.1,2.67,3.5,0
203.4375,10,41.1649,-96.4701,100,718.8888889,1423.4,27.28,358.59,85.7,2.32,3.5,0
203.4791667,11,41.1649,-96.4701,100,946.3131313,1873.7,28.52,356.11,73.3,3.06,3.5,0
203.5208333,12,41.1649,-96.4701,100,641.9191919,1271,28.81,356.72,67,3.14,3.5,0
203.5625,13,41.1649,-96.4701,100,510.6060606,1011,28.78,349.1,68.2,2.8,3.5,0
203.6041667,14,41.1649,-96.4701,100,462.8282828,916.4,28.57,350.97,68.8,2.99,3.5,0
203.6458333,15,41.1649,-96.4701,100,338.4848485,670.2,28.48,353.51,69.6,2.66,3.5,0
203.6875,16,41.1649,-96.4701,100,223.6868687,442.9,27.94,356.09,73.2,3.41,3.5,0
204.3125,7,41.1649,-96.4701,100,290.2525253,574.7,21.91,482.42,97.2,1.24,3.5,0
204.3541667,8,41.1649,-96.4701,100,463.2828283,917.3,23.22,427.26,86.9,1.42,3.5,0
204.3958333,9,41.1649,-96.4701,100,607.8787879,1203.6,24.62,400.12,78.2,0.73,3.5,0
204.4375,10,41.1649,-96.4701,100,834.4444444,1652.2,25.74,364.34,70.1,2.01,3.5,0
204.4791667,11,41.1649,-96.4701,100,939.1919192,1859.6,26.48,353.42,64.2,2.33,3.5,0
204.5208333,12,41.1649,-96.4701,100,876.010101,1734.5,27.52,354.39,57.6,2.27,3.5,0
204.5625,13,41.1649,-96.4701,100,846.010101,1675.1,28.36,353.66,57.5,2.78,3.5,0
204.6041667,14,41.1649,-96.4701,100,759.2424242,1503.3,27.94,353.02,52.6,2.94,3.5,0
204.6458333,15,41.1649,-96.4701,100,685.0505051,1356.4,27.43,355.64,52.7,3.14,3.5,0
204.6875,16,41.1649,-96.4701,100,509.0909091,1008,26.59,356.96,50.2,2.9,3.5,0
205.3125,7,41.1649,-96.4701,100,278.1818182,550.8,20.3,392.61,86.2,1.28,3.5,0
205.3541667,8,41.1649,-96.4701,100,465.1515152,921,21.41,368.11,73,2.39,3.5,0
205.3958333,9,41.1649,-96.4701,100,604.1919192,1196.3,22.33,360.54,68.2,2.61,3.5,0
205.4375,10,41.1649,-96.4701,100,812.8787879,1609.5,23.68,347.39,67.4,2.41,3.5,0
205.4791667,11,41.1649,-96.4701,100,913.8888889,1809.5,24.41,347.65,64.4,2.31,3.5,0
205.5208333,12,41.1649,-96.4701,100,878.2828283,1739,25.46,342.86,63.3,2.52,3.5,0
205.5625,13,41.1649,-96.4701,100,846.1111111,1675.3,26.17,342.55,61.8,2.66,3.5,0
205.6041667,14,41.1649,-96.4701,100,672.9292929,1332.4,25.95,343.81,61.5,3.09,3.5,0
205.6458333,15,41.1649,-96.4701,100,699.040404,1384.1,26.38,346.76,60.6,3.3,3.5,0
205.6875,16,41.1649,-96.4701,100,530.0505051,1049.5,25.85,341.33,60.5,3.48,3.5,0
206.3125,7,41.1649,-96.4701,100,311.2626263,616.3,22.39,376.2,82.8,3.25,3.5,0
206.3541667,8,41.1649,-96.4701,100,490.7070707,971.6,23.63,371.11,78.1,3.41,3.5,0
206.3958333,9,41.1649,-96.4701,100,625.6060606,1238.7,24.93,367.31,73.6,3.26,3.5,0
206.4375,10,41.1649,-96.4701,100,835.9090909,1655.1,26.33,365.76,69.9,3.28,3.5,0
206.4791667,11,41.1649,-96.4701,100,956.6161616,1894.1,27.16,363.91,66.7,3.46,3.5,0
206.5208333,12,41.1649,-96.4701,100,890.1515152,1762.5,28,366.07,61.8,3.84,3.5,0
206.5625,13,41.1649,-96.4701,100,845.1010101,1673.3,28.37,369.04,55.2,4.17,3.5,0
206.6041667,14,41.1649,-96.4701,100,741.5656566,1468.3,28.48,368.42,51.3,3.92,3.5,0
206.6458333,15,41.1649,-96.4701,100,718.8888889,1423.4,28.47,366.2,49.3,3.7,3.5,0
206.6875,16,41.1649,-96.4701,100,560.4040404,1109.6,27.92,368.17,49.5,3.76,3.5,0
207.3125,7,41.1649,-96.4701,100,52.52525253,104,23.83,410.53,99.9,2.55,3.5,0
207.3541667,8,41.1649,-96.4701,100,85.65656566,169.6,23.9,404.53,99.7,2.27,3.5,0
207.3958333,9,41.1649,-96.4701,100,88.73737374,175.7,23.86,394.97,90.2,1.6,3.5,0
207.4375,10,41.1649,-96.4701,100,82.22222222,162.8,23.67,396.91,89.4,2.15,3.5,0
207.4791667,11,41.1649,-96.4701,100,52.22222222,103.4,23.59,400.2,93.4,1.72,3.5,0
207.5208333,12,41.1649,-96.4701,100,51.71717172,102.4,23.52,402.19,98.9,1.54,3.5,0
207.5625,13,41.1649,-96.4701,100,14.39393939,28.5,23.16,406.02,99.9,1.16,3.5,0
207.6041667,14,41.1649,-96.4701,100,75.2020202,148.9,23.23,409.08,99.9,1.26,3.5,0
207.6458333,15,41.1649,-96.4701,100,124.7474747,247,23.61,398.42,99.9,2.12,3.5,0
207.6875,16,41.1649,-96.4701,100,119.1919192,236,23.63,399.24,99.9,1.99,3.5,0
208.3125,7,41.1649,-96.4701,100,326.7171717,646.9,21.19,382.84,87.8,2.91,3.5,0
208.3541667,8,41.1649,-96.4701,100,515.0505051,1019.8,22.01,370.28,80.8,2.9,3.5,0
208.3958333,9,41.1649,-96.4701,100,645.4040404,1277.9,23.16,360.46,75.4,2.57,3.5,0
208.4375,10,41.1649,-96.4701,100,844.0909091,1671.3,24.08,361.65,69.7,2.69,3.5,0
208.4791667,11,41.1649,-96.4701,100,792.1717172,1568.5,24.51,361.42,65,2.49,3.5,0
208.5208333,12,41.1649,-96.4701,100,806.010101,1595.9,24.96,360.26,61.1,2.74,3.5,0
208.5625,13,41.1649,-96.4701,100,771.5151515,1527.6,25.42,355.91,61.3,2.89,3.5,0
208.6041667,14,41.1649,-96.4701,100,752.5252525,1490,25.74,355.29,58.1,2.94,3.5,0
208.6458333,15,41.1649,-96.4701,100,610.959596,1209.7,25.62,356.77,58.8,2.75,3.5,0
208.6875,16,41.1649,-96.4701,100,563.3333333,1115.4,25.29,354.88,58.6,2.01,3.5,0
209.3125,7,41.1649,-96.4701,100,265.7070707,526.1,20.36,418.42,87.4,1.35,3.5,0
209.3541667,8,41.1649,-96.4701,100,447.8787879,886.8,21.42,387.53,77.8,1.67,3.5,0
209.3958333,9,41.1649,-96.4701,100,588.1818182,1164.6,22.56,374.1,67.7,1.79,3.5,0
209.4375,10,41.1649,-96.4701,100,755.959596,1496.8,23.36,368.64,63.3,2.19,3.5,0
209.4791667,11,41.1649,-96.4701,100,776.969697,1538.4,24.13,355.59,58.8,2.24,3.5,0
209.5208333,12,41.1649,-96.4701,100,395.8585859,783.8,23.87,365.54,60.6,1.79,3.5,0
209.5625,13,41.1649,-96.4701,100,498.9393939,987.9,24.19,360.95,59.4,1.4,3.5,0
209.6041667,14,41.1649,-96.4701,100,574.8989899,1138.3,24.7,353.93,58.6,1.92,3.5,0
209.6458333,15,41.1649,-96.4701,100,269.5454545,533.7,24.25,355.55,62.7,1.7,3.5,0
209.6875,16,41.1649,-96.4701,100,441.969697,875.1,24.36,352.29,62.2,1.6,3.5,0
210.3125,7,41.1649,-96.4701,100,302.8787879,599.7,20.28,419.87,86.5,1.89,3.5,0
210.3541667,8,41.1649,-96.4701,100,450.3030303,891.6,21.49,403.07,79.5,2.36,3.5,0
210.3958333,9,41.1649,-96.4701,100,621.010101,1229.6,22.62,381.91,72.3,2.64,3.5,0
210.4375,10,41.1649,-96.4701,100,840.5555556,1664.3,23.69,374.44,66.3,2.64,3.5,0
210.4791667,11,41.1649,-96.4701,100,856.7171717,1696.3,24.41,366.91,65.6,2.62,3.5,0
210.5208333,12,41.1649,-96.4701,100,869.7979798,1722.2,25.06,350.68,64.3,2.29,3.5,0
210.5625,13,41.1649,-96.4701,100,662.020202,1310.8,25.2,353,64.9,2.68,3.5,0
210.6041667,14,41.1649,-96.4701,100,474.4444444,939.4,25.38,351.7,64.8,2.57,3.5,0
210.6458333,15,41.1649,-96.4701,100,699.1414141,1384.3,25.39,349.05,62.3,2.91,3.5,0
210.6875,16,41.1649,-96.4701,100,425,841.5,24.79,354.72,61.1,2.46,3.5,0
211.3125,7,41.1649,-96.4701,100,285.2020202,564.7,20.05,427.08,81.2,1.19,3.5,0
211.3541667,8,41.1649,-96.4701,100,411.1616162,814.1,21.06,409.84,75,1.33,3.5,0
211.3958333,9,41.1649,-96.4701,100,630.1515152,1247.7,22.06,389.01,68,1.77,3.5,0
211.4375,10,41.1649,-96.4701,100,836.9191919,1657.1,23.09,382.98,64.9,1.66,3.5,0
211.4791667,11,41.1649,-96.4701,100,666.969697,1320.6,23.72,368.68,62.7,1.03,3.5,0
211.5208333,12,41.1649,-96.4701,100,348.6868687,690.4,23.52,357.26,58.7,0.83,3.5,0
211.5625,13,41.1649,-96.4701,100,145.959596,289,23.12,362.51,62.2,1.33,3.5,0
211.6041667,14,41.1649,-96.4701,100,318.9393939,631.5,23.24,353.7,60.1,0.67,3.5,0
211.6458333,15,41.1649,-96.4701,100,572.1717172,1132.9,23.91,357.62,55.3,0.29,3.5,0
211.6875,16,41.1649,-96.4701,100,517.8787879,1025.4,23.96,353.11,56.1,0.51,3.5,0
212.3125,7,41.1649,-96.4701,100,256.0606061,507,19.9,428.24,86.8,1.08,3.5,0
212.3541667,8,41.1649,-96.4701,100,239.2424242,473.7,20.66,392.62,77.3,0.84,3.5,0
212.3958333,9,41.1649,-96.4701,100,410.6565657,813.1,21.51,362.29,72.3,1.25,3.5,0
212.4375,10,41.1649,-96.4701,100,781.1111111,1546.6,22.66,355.28,65.8,1.94,3.5,0
212.4791667,11,41.1649,-96.4701,100,812.2222222,1608.2,23.47,345.64,62,1.88,3.5,0
212.5208333,12,41.1649,-96.4701,100,549.1414141,1087.3,23.84,346.91,61.8,1.43,3.5,0
212.5625,13,41.1649,-96.4701,100,145.9090909,288.9,23.21,352.87,64.2,1.15,3.5,0
212.6041667,14,41.1649,-96.4701,100,207.5252525,410.9,23.06,347.93,64.8,1.55,3.5,0
212.6458333,15,41.1649,-96.4701,100,207.020202,409.9,23,345.65,65,1.53,3.5,0
212.6875,16,41.1649,-96.4701,100,412.3232323,816.4,23.36,343.2,62,1.88,3.5,0
213.3125,7,41.1649,-96.4701,100,294.7474747,583.6,20.03,450.73,89.6,0.94,3.5,0
213.3541667,8,41.1649,-96.4701,100,475.7575758,942,21.38,419.54,81.7,0.91,3.5,0
213.3958333,9,41.1649,-96.4701,100,613.5353535,1214.8,22.49,379.28,73.3,0.74,3.5,0
213.4375,10,41.1649,-96.4701,100,544.7474747,1078.6,22.95,361.6,68,0.14,3.5,0
213.4791667,11,41.1649,-96.4701,100,840.6060606,1664.4,23.93,351.66,65.7,0.98,3.5,0
213.5208333,12,41.1649,-96.4701,100,867.4747475,1717.6,24.79,346.46,62.9,1.35,3.5,0
213.5625,13,41.1649,-96.4701,100,623.5353535,1234.6,25.1,346.35,63.5,1.19,3.5,0
213.6041667,14,41.1649,-96.4701,100,595.2020202,1178.5,25.45,346.95,61.8,1.14,3.5,0
213.6458333,15,41.1649,-96.4701,100,683.4848485,1353.3,25.73,343.89,60.8,1.79,3.5,0
213.6875,16,41.1649,-96.4701,100,477.5757576,945.6,25.4,345.52,60.2,1.59,3.5,0
214.3125,7,41.1649,-96.4701,100,214.1414141,424,19.56,446.91,92.3,1.41,3.5,0
214.3541667,8,41.1649,-96.4701,100,400.4040404,792.8,20.92,405.64,80.6,1.22,3.5,0
214.3958333,9,41.1649,-96.4701,100,517.8787879,1025.4,22.14,382.34,78,1.45,3.5,0
214.4375,10,41.1649,-96.4701,100,665.8585859,1318.4,23.28,364.43,76.8,1.6,3.5,0
214.4791667,11,41.1649,-96.4701,100,818.6868687,1621,24.37,353.1,70.9,0.89,3.5,0
214.5208333,12,41.1649,-96.4701,100,759.6969697,1504.2,25.16,347.28,68.6,0.71,3.5,0
214.5625,13,41.1649,-96.4701,100,607.5252525,1202.9,25.32,343.7,63.4,1.03,3.5,0
214.6041667,14,41.1649,-96.4701,100,521.1111111,1031.8,25.53,342.84,63.8,0.24,3.5,0
214.6458333,15,41.1649,-96.4701,100,301.9191919,597.8,25.21,340.21,65.3,0.48,3.5,0
214.6875,16,41.1649,-96.4701,100,296.5656566,587.2,24.88,335.19,68,0.99,3.5,0
215.3125,7,41.1649,-96.4701,100,176.8686869,350.2,19.19,374.61,80.9,5.17,3.5,0
215.3541667,8,41.1649,-96.4701,100,180.7070707,357.8,19.34,371.95,79.3,4.81,3.5,0
215.3958333,9,41.1649,-96.4701,100,286.7676768,567.8,19.57,371.88,76.2,5.22,3.5,0
215.4375,10,41.1649,-96.4701,100,635.6060606,1258.5,20.2,365.82,72.1,4.8,3.5,0
215.4791667,11,41.1649,-96.4701,100,754.5959596,1494.1,20.92,365.38,65.8,5.15,3.5,0
215.5208333,12,41.1649,-96.4701,100,479.3434343,949.1,20.86,364.05,65.3,4.41,3.5,0
215.5625,13,41.1649,-96.4701,100,691.7676768,1369.7,21.26,363.58,64.4,4.33,3.5,0
215.6041667,14,41.1649,-96.4701,100,652.1717172,1291.3,21.71,363.72,62,4.17,3.5,0
215.6458333,15,41.1649,-96.4701,100,624.040404,1235.6,21.74,362.54,60.4,3.74,3.5,0
215.6875,16,41.1649,-96.4701,100,394.3939394,780.9,21.47,366.07,59.4,3.73,3.5,0
216.3125,7,41.1649,-96.4701,100,317.5757576,628.8,15.28,408.07,88.4,1.58,3.5,0
216.3541667,8,41.1649,-96.4701,100,497.5757576,985.2,16.89,373.29,74.8,2.62,3.5,0
216.3958333,9,41.1649,-96.4701,100,630.8080808,1249,18.19,361.22,61.6,2.88,3.5,0
216.4375,10,41.1649,-96.4701,100,829.6969697,1642.8,19.27,361.66,53.5,2.05,3.5,0
216.4791667,11,41.1649,-96.4701,100,874.5959596,1731.7,20.21,361.92,50.3,1.88,3.5,0
216.5208333,12,41.1649,-96.4701,100,899.3434343,1780.7,20.89,361.92,49.2,1.23,3.5,0
216.5625,13,41.1649,-96.4701,100,860.6060606,1704,21.38,361.89,48.1,1.22,3.5,0
216.6041667,14,41.1649,-96.4701,100,796.010101,1576.1,22.36,361.47,47,0.86,3.5,0
216.6458333,15,41.1649,-96.4701,100,738.9393939,1463.1,21.78,359.69,46.8,0.89,3.5,0
216.6875,16,41.1649,-96.4701,100,556.5151515,1101.9,21.69,361.5,46.1,1,3.5,0
217.3125,7,41.1649,-96.4701,100,21.86868687,43.3,16.34,415.56,94,2.29,3.5,0
217.3541667,8,41.1649,-96.4701,100,63.08080808,124.9,16.29,395.69,96.6,3.15,3.5,0
217.3958333,9,41.1649,-96.4701,100,45.05050505,89.2,16.46,389.72,97.7,1.54,3.5,0
217.4375,10,41.1649,-96.4701,100,145.959596,289,16.7,381.96,100,1.78,3.5,0
217.4791667,11,41.1649,-96.4701,100,293.6868687,581.5,17.33,370.56,100,2.94,3.5,0
217.5208333,12,41.1649,-96.4701,100,84.6969697,167.7,17.51,373.31,100,1.81,3.5,0
217.5625,13,41.1649,-96.4701,100,186.969697,370.2,17.61,370.25,100,2.23,3.5,0
217.6041667,14,41.1649,-96.4701,100,349.4444444,691.9,18.48,360.01,99.9,3.28,3.5,0
217.6458333,15,41.1649,-96.4701,100,151.2626263,299.5,18.53,364.94,98.8,3.34,3.5,0
217.6875,16,41.1649,-96.4701,100,152.1717172,301.3,18.5,362.63,93.5,3.1,3.5,0
218.3125,7,41.1649,-96.4701,100,46.11111111,91.3,17.94,402.33,95.5,1.89,3.5,0
218.3541667,8,41.1649,-96.4701,100,157.2727273,311.4,18.25,395.08,89.7,2.07,3.5,0
218.3958333,9,41.1649,-96.4701,100,205.7070707,407.3,18.67,375.76,83,2.31,3.5,0
218.4375,10,41.1649,-96.4701,100,233.3838384,462.1,19.02,367.5,79,2.34,3.5,0
218.4791667,11,41.1649,-96.4701,100,336.5656566,666.4,19.44,368.04,73.2,1.78,3.5,0
218.5208333,12,41.1649,-96.4701,100,363.6363636,720,19.95,363.72,66,0.26,3.5,0
218.5625,13,41.1649,-96.4701,100,496.3131313,982.7,20.47,363.43,62.4,0.87,3.5,0
218.6041667,14,41.1649,-96.4701,100,375.2020202,742.9,21.05,361.65,61.3,0.95,3.5,0
218.6458333,15,41.1649,-96.4701,100,101.1111111,200.2,20.71,364.19,67.8,0.8,3.5,0
218.6875,16,41.1649,-96.4701,100,284.6969697,563.7,20.8,354.15,66.7,1.41,3.5,0
219.3125,7,41.1649,-96.4701,100,222.1717172,439.9,17.76,409.23,93.8,2.6,3.5,0
219.3541667,8,41.1649,-96.4701,100,447.979798,887,18.66,380.47,81,2.94,3.5,0
219.3958333,9,41.1649,-96.4701,100,599.3434343,1186.7,19.67,364.73,76.2,2.77,3.5,0
219.4375,10,41.1649,-96.4701,100,741.2626263,1467.7,20.58,355.39,72,2.38,3.5,0
219.4791667,11,41.1649,-96.4701,100,752.0707071,1489.1,21.45,350.57,67,2.48,3.5,0
219.5208333,12,41.1649,-96.4701,100,814.4949495,1612.7,22.09,347.26,63.9,2.75,3.5,0
219.5625,13,41.1649,-96.4701,100,636.2626263,1259.8,22.25,346.1,61.9,2.54,3.5,0
219.6041667,14,41.1649,-96.4701,100,734.4444444,1454.2,23.14,341.34,60.9,2.48,3.5,0
219.6458333,15,41.1649,-96.4701,100,694.040404,1374.2,22.63,346.58,56.4,2.65,3.5,0
219.6875,16,41.1649,-96.4701,100,470,930.6,22.31,345.48,59.2,3.01,3.5,0
220.3125,7,41.1649,-96.4701,100,285.5050505,565.3,16.7,439.27,88.5,0.43,3.5,0
220.3541667,8,41.1649,-96.4701,100,469.3434343,929.3,18.15,383.9,75.1,1.05,3.5,0
220.3958333,9,41.1649,-96.4701,100,605.6060606,1199.1,19.39,375.68,66.7,1.41,3.5,0
220.4375,10,41.1649,-96.4701,100,795.5050505,1575.1,20.61,360.88,64.1,1.61,3.5,0
220.4791667,11,41.1649,-96.4701,100,876.010101,1734.5,21.67,352.56,62.1,1.69,3.5,0
220.5208333,12,41.1649,-96.4701,100,661.2626263,1309.3,22.34,347.37,60.6,1.89,3.5,0
220.5625,13,41.1649,-96.4701,100,608.6363636,1205.1,22.6,346.84,61.2,1.74,3.5,0
220.6041667,14,41.1649,-96.4701,100,741.8686869,1468.9,23.24,346.59,60.2,1.81,3.5,0
220.6458333,15,41.1649,-96.4701,100,488.7878788,967.8,22.78,349.83,59.3,2.19,3.5,0
220.6875,16,41.1649,-96.4701,100,494.1414141,978.4,22.52,350.15,65.1,3.66,3.5,0
221.3125,7,41.1649,-96.4701,100,157.020202,310.9,17.87,383.7,89.4,2.33,3.5,0
221.3541667,8,41.1649,-96.4701,100,235.1515152,465.6,18.83,361.98,80.4,2.46,3.5,0
221.3958333,9,41.1649,-96.4701,100,357.1212121,707.1,19.68,357.45,73.6,3.4,3.5,0
221.4375,10,41.1649,-96.4701,100,437.6262626,866.5,20.5,354.16,71,3.8,3.5,0
221.4791667,11,41.1649,-96.4701,100,607.4242424,1202.7,21.24,353.98,69.9,3.69,3.5,0
221.5208333,12,41.1649,-96.4701,100,402.7777778,797.5,21.66,355.4,72.4,3.3,3.5,0
221.5625,13,41.1649,-96.4701,100,558.5353535,1105.9,21.87,352.68,71.3,3.46,3.5,0
221.6041667,14,41.1649,-96.4701,100,404.040404,800,22.1,351.33,71.7,3.77,3.5,0
221.6458333,15,41.1649,-96.4701,100,374.8484848,742.2,22.02,354.7,66.9,3.61,3.5,0
221.6875,16,41.1649,-96.4701,100,261.5151515,517.8,21.86,353.75,68.4,3.15,3.5,0
222.3125,7,41.1649,-96.4701,100,197.1717172,390.4,18.13,427.42,98.6,1.65,3.5,0
222.3541667,8,41.1649,-96.4701,100,196.3131313,388.7,19.11,413.49,93.4,1.57,3.5,0
222.3958333,9,41.1649,-96.4701,100,447.4242424,885.9,19.86,402.25,85.5,2.21,3.5,0
222.4375,10,41.1649,-96.4701,100,588.6363636,1165.5,21.07,384.4,69.9,2.34,3.5,0
222.4791667,11,41.1649,-96.4701,100,860,1702.8,21.92,369.81,65,1.94,3.5,0
222.5208333,12,41.1649,-96.4701,100,724.1919192,1433.9,23.1,365.19,64.9,2.1,3.5,0
222.5625,13,41.1649,-96.4701,100,336.010101,665.3,22.5,360.45,66.5,2.76,3.5,0
222.6041667,14,41.1649,-96.4701,100,265.2525253,525.2,21.91,361.37,67.5,3.58,3.5,0
222.6458333,15,41.1649,-96.4701,100,127.6767677,252.8,21.14,368.68,70.2,3.04,3.5,0
222.6875,16,41.1649,-96.4701,100,169.6969697,336,20.88,368.13,75.5,1.7,3.5,0
223.3125,7,41.1649,-96.4701,100,287.020202,568.3,16.7,435.67,94.9,1.41,3.5,0
223.3541667,8,41.1649,-96.4701,100,470.4040404,931.4,18,394.59,84.4,1.75,3.5,0
223.3958333,9,41.1649,-96.4701,100,610.7575758,1209.3,19.12,368.02,74.9,1.78,3.5,0
223.4375,10,41.1649,-96.4701,100,762.4242424,1509.6,20.26,355.8,67.8,2.22,3.5,0
223.4791667,11,41.1649,-96.4701,100,754.3939394,1493.7,20.96,356.74,65.7,2,3.5,0
223.5208333,12,41.1649,-96.4701,100,860.959596,1704.7,22.1,353.89,60,1.89,3.5,0
223.5625,13,41.1649,-96.4701,100,776.4646465,1537.4,22.28,354.18,57.6,1.85,3.5,0
223.6041667,14,41.1649,-96.4701,100,831.3131313,1646,22.69,354.23,54.8,1.46,3.5,0
223.6458333,15,41.1649,-96.4701,100,698.2323232,1382.5,22.56,355.93,51.8,1.33,3.5,0
223.6875,16,41.1649,-96.4701,100,504.4444444,998.8,22.32,356.51,52.8,1.52,3.5,0
224.3125,7,41.1649,-96.4701,100,266.6161616,527.9,16.57,428.05,86,1.47,3.5,0
224.3541667,8,41.1649,-96.4701,100,440.9090909,873,17.81,373.78,71.8,2.18,3.5,0
224.3958333,9,41.1649,-96.4701,100,578.3838384,1145.2,18.93,358.04,63.6,2.47,3.5,0
224.4375,10,41.1649,-96.4701,100,775.3535354,1535.2,20.18,350.39,60.8,2.77,3.5,0
224.4791667,11,41.1649,-96.4701,100,892.979798,1768.1,21.13,348.33,58.5,3.05,3.5,0
224.5208333,12,41.1649,-96.4701,100,818.3333333,1620.3,22.12,349.01,56.6,2.73,3.5,0
224.5625,13,41.1649,-96.4701,100,764.4444444,1513.6,22.66,348.19,54.8,2.65,3.5,0
224.6041667,14,41.1649,-96.4701,100,743.1313131,1471.4,22.7,348.05,53.9,2.54,3.5,0
224.6458333,15,41.1649,-96.4701,100,637.3232323,1261.9,22.56,350.37,53,2.59,3.5,0
224.6875,16,41.1649,-96.4701,100,473.5353535,937.6,22.21,352.53,53,3.21,3.5,0
225.3125,7,41.1649,-96.4701,100,49.7979798,98.6,17.98,407.43,97.6,1.88,3.5,0
225.3541667,8,41.1649,-96.4701,100,91.36363636,180.9,18.22,400.7,98.5,1.77,3.5,0
225.3958333,9,41.1649,-96.4701,100,307.0707071,608,18.85,373.84,90.9,3.03,3.5,0
225.4375,10,41.1649,-96.4701,100,679.8989899,1346.2,20.12,354.73,78.1,3.97,3.5,0
225.4791667,11,41.1649,-96.4701,100,837.1212121,1657.5,21.22,348.14,70.6,4.45,3.5,0
225.5208333,12,41.1649,-96.4701,100,769.3434343,1523.3,22.28,345.51,67.7,4.43,3.5,0
225.5625,13,41.1649,-96.4701,100,639.1414141,1265.5,22.46,347.2,63,3.99,3.5,0
225.6041667,14,41.1649,-96.4701,100,753.1313131,1491.2,22.65,349.24,58.4,3.94,3.5,0
225.6458333,15,41.1649,-96.4701,100,403.1818182,798.3,22.57,351.87,58.1,3.44,3.5,0
225.6875,16,41.1649,-96.4701,100,147.6767677,292.4,22.23,355.13,61,2.42,3.5,0
226.3125,7,41.1649,-96.4701,100,197.8282828,391.7,19.94,403.72,90.4,1.21,3.5,0
226.3541667,8,41.1649,-96.4701,100,292.3232323,578.8,20.84,389.44,86.9,1.73,3.5,0
226.3958333,9,41.1649,-96.4701,100,509.4444444,1008.7,21.78,383.89,80.8,1.67,3.5,0
226.4375,10,41.1649,-96.4701,100,736.3131313,1457.9,22.79,375.94,75.3,1.7,3.5,0
226.4791667,11,41.1649,-96.4701,100,890.5555556,1763.3,23.53,369.83,65.5,1.29,3.5,0
226.5208333,12,41.1649,-96.4701,100,812.9292929,1609.6,24.26,368.16,60.8,0.65,3.5,0
226.5625,13,41.1649,-96.4701,100,763.5858586,1511.9,24.73,366.75,59.9,0.72,3.5,0
226.6041667,14,41.1649,-96.4701,100,785.959596,1556.2,24.61,366.61,57.8,0.63,3.5,0
226.6458333,15,41.1649,-96.4701,100,646.1111111,1279.3,24.45,366.04,55.5,0.96,3.4,0
226.6875,16,41.1649,-96.4701,100,459.5959596,910,24.28,366.31,57,0.84,3.4,0
227.3125,7,41.1649,-96.4701,100,28.03030303,55.5,19.5,404.21,91.2,3.54,3.4,0
227.3541667,8,41.1649,-96.4701,100,97.47474747,193,19.59,384.83,89.2,3.85,3.4,0
227.3958333,9,41.1649,-96.4701,100,278.3333333,551.1,20.32,368.6,84.2,3.47,3.4,0
227.4375,10,41.1649,-96.4701,100,565.9090909,1120.5,21.64,364.25,78.4,3.4,3.4,0
227.4791667,11,41.1649,-96.4701,100,499.6464646,989.3,22.42,370.14,77.1,4.22,3.3,0
227.5208333,12,41.1649,-96.4701,100,777.020202,1538.5,23.49,365.47,74.9,4.1,3.3,0
227.5625,13,41.1649,-96.4701,100,817.2222222,1618.1,25.03,373.43,73.5,3.57,3.3,0
227.6041667,14,41.1649,-96.4701,100,805.8080808,1595.5,25.29,366.18,70.8,3.34,3.3,0
227.6458333,15,41.1649,-96.4701,100,696.8686869,1379.8,25.44,358.73,69.4,3.38,3.3,0
227.6875,16,41.1649,-96.4701,100,388.8383838,769.9,25.11,361.97,67.9,4.17,3.3,0
228.3125,7,41.1649,-96.4701,100,6.767676768,13.4,20.24,410.59,98.5,1.09,3.2,0
228.3541667,8,41.1649,-96.4701,100,65.1010101,128.9,20.27,409.25,99.9,1.47,3.2,0
228.3958333,9,41.1649,-96.4701,100,215.7070707,427.1,20.77,390.8,98.2,0.31,3.2,0
228.4375,10,41.1649,-96.4701,100,259.3939394,513.6,21.26,382.71,87.6,2.61,3.2,0
228.4791667,11,41.1649,-96.4701,100,884.9494949,1752.2,22.39,366.93,77.9,3.38,3.2,0
228.5208333,12,41.1649,-96.4701,100,727.5252525,1440.5,23.3,366.42,72.7,3.79,3.2,0
228.5625,13,41.1649,-96.4701,100,672.5252525,1331.6,23.8,370.86,70,4.19,3.2,0
228.6041667,14,41.1649,-96.4701,100,742.6262626,1470.4,23.65,380.84,68.9,4.51,3.2,0
228.6458333,15,41.1649,-96.4701,100,636.969697,1261.2,23.48,383.18,67.9,4.63,3.2,0
228.6875,16,41.1649,-96.4701,100,477.2727273,945,23.36,382.49,69.5,4.23,3.2,0
229.3125,7,41.1649,-96.4701,100,272.3737374,539.3,18.28,387.19,86.1,3.08,3.1,0
229.3541667,8,41.1649,-96.4701,100,456.6161616,904.1,19.15,373.98,75.2,4.08,3.1,0
229.3958333,9,41.1649,-96.4701,100,583.5858586,1155.5,20.07,363.76,69,3.94,3.1,0
229.4375,10,41.1649,-96.4701,100,782.9292929,1550.2,21.15,358.54,63.5,4.22,3.1,0
229.4791667,11,41.1649,-96.4701,100,893.4848485,1769.1,22.14,357.94,59.7,4.4,3.1,0
229.5208333,12,41.1649,-96.4701,100,836.7171717,1656.7,22.86,355.24,57.9,4.2,3.1,0
229.5625,13,41.1649,-96.4701,100,837.4242424,1658.1,24.11,353.24,55.9,3.57,3.1,0
229.6041667,14,41.1649,-96.4701,100,800.2525253,1584.5,23.52,350.29,55.4,3.23,3.1,0
229.6458333,15,41.1649,-96.4701,100,641.3131313,1269.8,23.34,350.58,54.3,2.94,3.1,0
229.6875,16,41.1649,-96.4701,100,459.1414141,909.1,23.26,351.5,55.2,2.28,3.1,0
230.3125,7,41.1649,-96.4701,100,259.040404,512.9,18.79,416.43,91.1,2.74,3.1,0
230.3541667,8,41.1649,-96.4701,100,445.6060606,882.3,19.66,388.02,76.9,2.83,3.1,0
230.3958333,9,41.1649,-96.4701,100,579.1414141,1146.7,20.66,372.19,71.2,2.4,3.1,0
230.4375,10,41.1649,-96.4701,100,771.7171717,1528,21.87,362.79,67.3,2.07,3.1,0
230.4791667,11,41.1649,-96.4701,100,870.8080808,1724.2,23.11,359.64,64.3,1.16,3,0
230.5208333,12,41.1649,-96.4701,100,811.010101,1605.8,23.83,356.1,63.8,1.3,3,0
230.5625,13,41.1649,-96.4701,100,829.6969697,1642.8,24.86,356.57,61.4,1.49,3,0
230.6041667,14,41.1649,-96.4701,100,792.7777778,1569.7,24.68,357.41,59.9,1.71,3,0
230.6458333,15,41.1649,-96.4701,100,635.1010101,1257.5,24.41,356.02,60.2,2.01,3,0
230.6875,16,41.1649,-96.4701,100,461.2121212,913.2,24.25,357.85,59.9,1.88,3,0
231.3125,7,41.1649,-96.4701,100,232.2727273,459.9,17.7,472.71,95,0.7,3,0
231.3541667,8,41.1649,-96.4701,100,413.7878788,819.3,18.78,421.94,81.9,0.3,3,0
231.3958333,9,41.1649,-96.4701,100,556.7676768,1102.4,19.88,385.78,72.6,1.31,3,0
231.4375,10,41.1649,-96.4701,100,753.5858586,1492.1,21.02,370.8,64,1.49,2.8,0
231.4791667,11,41.1649,-96.4701,100,861.4141414,1705.6,22.31,367.5,59.2,1.49,2.8,0
231.5208333,12,41.1649,-96.4701,100,805,1593.9,23.19,359.43,56.5,2.13,2.8,0
231.5625,13,41.1649,-96.4701,100,817.8787879,1619.4,24.06,356.38,54,2.7,2.8,0
231.6041667,14,41.1649,-96.4701,100,770.1515152,1524.9,24.25,349.77,54.8,2.88,2.8,0
231.6458333,15,41.1649,-96.4701,100,606.6161616,1201.1,24.03,354.04,54.3,3.02,2.8,0
231.6875,16,41.1649,-96.4701,100,446.3636364,883.8,23.72,355.15,56.1,3.24,2.8,0
232.3125,7,41.1649,-96.4701,100,65.1010101,128.9,19.42,427.57,98.8,1.28,2.8,0
232.3541667,8,41.1649,-96.4701,100,166.3131313,329.3,19.92,400,87.3,1.55,2.8,0
232.3958333,9,41.1649,-96.4701,100,363.0808081,718.9,20.58,383.11,77.5,1.72,2.8,0
232.4375,10,41.1649,-96.4701,100,445,881.1,21.54,377.41,72.4,1.5,2.8,0
232.4791667,11,41.1649,-96.4701,100,801.2121212,1586.4,22.41,373.6,70.2,3.65,2.8,0
232.5208333,12,41.1649,-96.4701,100,825.0505051,1633.6,23.4,371.39,63.1,4.55,2.771454011,0
232.5625,13,41.1649,-96.4701,100,847.9292929,1678.9,24.16,366.77,63.5,4.85,2.770652922,0
232.6041667,14,41.1649,-96.4701,100,797.2222222,1578.5,24.31,364.9,63,4.95,2.769851833,0
232.6458333,15,41.1649,-96.4701,100,641.4141414,1270,24.22,365.25,63,4.68,2.769050747,0
232.6875,16,41.1649,-96.4701,100,459.6969697,910.2,24.09,365.83,65.3,4.29,2.768249658,0
233.3125,7,41.1649,-96.4701,100,178.8888889,354.2,20.47,387.29,91.9,4.58,2.756233338,0
233.3541667,8,41.1649,-96.4701,100,382.6767677,757.7,21.02,383.97,86.1,4.98,2.755432249,0
233.3958333,9,41.1649,-96.4701,100,559.040404,1106.9,21.82,377.06,77.8,5.6,2.754631162,0
233.4375,10,41.1649,-96.4701,100,475.2020202,940.9,22.32,378.63,77.7,5.76,2.753830074,0
233.4791667,11,41.1649,-96.4701,100,218.6868687,433,22.43,378.95,82.1,3.72,2.753028985,0
233.5208333,12,41.1649,-96.4701,100,143.0808081,283.3,22.23,393.01,85.6,3.67,2.752227898,0
233.5625,13,41.1649,-96.4701,100,440.3535354,871.9,22.98,385.54,82.3,4.76,2.75142681,0
233.6041667,14,41.1649,-96.4701,100,705.7575758,1397.4,24.1,375.63,75.2,4,2.750625721,0
233.6458333,15,41.1649,-96.4701,100,464.8484848,920.4,24.33,371.5,71.6,3.13,2.749824634,0
233.6875,16,41.1649,-96.4701,100,325,643.5,24.32,369.75,71.7,2.11,2.749023546,0
234.3125,7,41.1649,-96.4701,100,262.4242424,519.6,18.59,418.65,97.5,1.87,2.721804681,0
234.3541667,8,41.1649,-96.4701,100,435.3030303,861.9,19.21,395.01,76.7,2.29,2.718976584,0
234.3958333,9,41.1649,-96.4701,100,579.2929293,1147,19.72,378.16,62.6,2.69,2.716148495,0
234.4375,10,41.1649,-96.4701,100,781.010101,1546.4,20.51,368.25,52.3,3.28,2.713320399,0
234.4791667,11,41.1649,-96.4701,100,889.6969697,1761.6,21.25,366.82,49,3.22,2.710492302,0
234.5208333,12,41.1649,-96.4701,100,837.979798,1659.2,21.56,364.13,47.8,2.82,2.707664213,0
234.5625,13,41.1649,-96.4701,100,867.1212121,1716.9,22.12,361.57,48,3.06,2.704836116,0
234.6041667,14,41.1649,-96.4701,100,821.2121212,1626,22.33,360.63,49.1,2.79,2.70200802,0
234.6458333,15,41.1649,-96.4701,100,648.6363636,1284.3,21.95,360.06,50.9,2.62,2.699179931,0
234.6875,16,41.1649,-96.4701,100,473.6363636,937.8,21.48,363.8,46.8,2.66,2.696351834,0
235.3125,7,41.1649,-96.4701,100,250.0505051,495.1,15.49,559.57,93,0.61,2.653930424,0
235.3541667,8,41.1649,-96.4701,100,423.7878788,839.1,16.76,450.26,79.2,1.18,2.651102328,0
235.3958333,9,41.1649,-96.4701,100,558.2828283,1105.4,17.97,393.82,66.2,1.93,2.648274239,0
235.4375,10,41.1649,-96.4701,100,759.3434343,1503.5,19.23,368.16,57.7,1.94,2.645446142,0
235.4791667,11,41.1649,-96.4701,100,862.7272727,1708.2,20.4,371.78,54.4,1.96,2.642618046,0
235.5208333,12,41.1649,-96.4701,100,816.6161616,1616.9,21.2,365.38,52.7,2.07,2.639789957,0
235.5625,13,41.1649,-96.4701,100,846.1616162,1675.4,22.43,358.62,51.7,2.32,2.63696186,0
235.6041667,14,41.1649,-96.4701,100,795.1010101,1574.3,22.23,355.68,51.7,2.2,2.634133764,0
235.6458333,15,41.1649,-96.4701,100,619.5454545,1226.7,21.93,356.89,51.5,2.25,2.631305675,0
235.6875,16,41.1649,-96.4701,100,443.3333333,877.8,21.73,356.27,52.8,2.33,2.628477578,0
236.3125,7,41.1649,-96.4701,100,104.5454545,207,17.05,404.77,89.6,1.55,2.586056168,0
236.3541667,8,41.1649,-96.4701,100,243.2323232,481.6,17.7,382.49,81.1,2.46,2.583228072,0
236.3958333,9,41.1649,-96.4701,100,509.5959596,1009,18.83,364.14,70,3.52,2.580399983,0
236.4375,10,41.1649,-96.4701,100,628.9393939,1245.3,19.9,355.81,66.8,4.27,2.577571886,0
236.4791667,11,41.1649,-96.4701,100,827.9292929,1639.3,20.99,348.96,62.2,4.26,2.57474379,0
236.5208333,12,41.1649,-96.4701,100,814.2424242,1612.2,22.14,346.58,58.7,3.94,2.571915701,0
236.5625,13,41.1649,-96.4701,100,744.7474747,1474.6,23.47,348.87,57.2,3.43,2.569087604,0
236.6041667,14,41.1649,-96.4701,100,710.0505051,1405.9,22.86,350.66,56.1,3.46,2.566259508,0
236.6458333,15,41.1649,-96.4701,100,567.3737374,1123.4,22.5,354.7,55.1,4.04,2.563431419,0
236.6875,16,41.1649,-96.4701,100,408.4848485,808.8,22.11,355.65,55.9,4.39,2.560603322,0
237.3125,7,41.1649,-96.4701,100,12.22222222,24.2,17.19,390.7,100,4.18,2.518181912,0
237.3541667,8,41.1649,-96.4701,100,116.1616162,230,17.57,387.95,96.7,4.32,2.515353816,0
237.3958333,9,41.1649,-96.4701,100,449.040404,889.1,18.5,376.43,84.8,3.74,2.512525727,0
237.4375,10,41.1649,-96.4701,100,542.1717172,1073.5,19.64,366.83,77.7,4.25,2.50969763,0
237.4791667,11,41.1649,-96.4701,100,822.7777778,1629.1,20.99,358.69,74.3,4.23,2.506869534,0
237.5208333,12,41.1649,-96.4701,100,801.4141414,1586.8,22.3,357.31,70.6,4.68,2.504041445,0
237.5625,13,41.1649,-96.4701,100,656.7676768,1300.4,22.98,359.3,68.7,4.07,2.501213348,0
237.6041667,14,41.1649,-96.4701,100,539.8484848,1068.9,22.8,359.58,64.8,3.94,2.498385252,0
237.6458333,15,41.1649,-96.4701,100,582.4242424,1153.2,22.76,358.36,62.4,3.73,2.495557163,0
237.6875,16,41.1649,-96.4701,100,298.4848485,591,22.52,352.01,67.5,3.48,2.492729066,0
238.3125,7,41.1649,-96.4701,100,232.6262626,460.6,19.04,383.18,83.2,2.98,2.452421629,0
238.3541667,8,41.1649,-96.4701,100,329.4444444,652.3,19.73,367.33,78.2,3.72,2.449875395,0
238.3958333,9,41.1649,-96.4701,100,461.2626263,913.3,20.59,360.83,75.9,4.02,2.447329169,0
238.4375,10,41.1649,-96.4701,100,672.7777778,1332.1,21.78,359.9,73,3.94,2.444782935,0
238.4791667,11,41.1649,-96.4701,100,663.5858586,1313.9,22.76,358.24,71.6,3.69,2.442236702,0
238.5208333,12,41.1649,-96.4701,100,562.4747475,1113.7,23.2,357.47,68.7,3.65,2.439690475,0
238.5625,13,41.1649,-96.4701,100,523.5353535,1036.6,23.77,356.31,68.3,3.35,2.437144242,0
238.6041667,14,41.1649,-96.4701,100,652.4242424,1291.8,24.02,359.84,64.5,3.14,2.434598009,0
238.6458333,15,41.1649,-96.4701,100,499.5959596,989.2,24.29,358.02,65.3,2.24,2.432051782,0
238.6875,16,41.1649,-96.4701,100,297.020202,588.1,24.17,345.72,74.9,1.98,2.429505549,0
239.3125,7,41.1649,-96.4701,100,31.41414141,62.2,20.29,442.37,97.3,2.26,2.391312084,0
239.3541667,8,41.1649,-96.4701,100,189.5959596,375.4,20.82,418.46,92.5,1.11,2.388765851,0
239.3958333,9,41.1649,-96.4701,100,351.6161616,696.2,21.46,394.47,86.7,1.63,2.386219624,0
239.4375,10,41.1649,-96.4701,100,488.1313131,966.5,22.28,370.44,80.8,2.11,2.383673391,0
239.4791667,11,41.1649,-96.4701,100,749.2424242,1483.5,23.09,361.69,70.6,2.83,2.381127158,0
239.5208333,12,41.1649,-96.4701,100,736.7171717,1458.7,23.79,359.5,67,2.55,2.378580931,0
239.5625,13,41.1649,-96.4701,100,753.7373737,1492.4,25.11,358.06,64.1,2.85,2.376034698,0
239.6041667,14,41.1649,-96.4701,100,692.5757576,1371.3,24.27,356.52,64.1,3.05,2.373488465,0
239.6458333,15,41.1649,-96.4701,100,462.4242424,915.6,23.85,361.68,64.3,2.91,2.370942238,0
239.6875,16,41.1649,-96.4701,100,329.4949495,652.4,23.44,361.51,65.7,2.61,2.368396005,0
240.3125,7,41.1649,-96.4701,100,249.6969697,494.4,17.06,436.55,93.9,1.45,2.330202539,0
240.3541667,8,41.1649,-96.4701,100,422.3232323,836.2,18.14,395.75,83.5,1.98,2.327656306,0
240.3958333,9,41.1649,-96.4701,100,558.3838384,1105.6,19.23,374.26,73.5,2.68,2.325110079,0
240.4375,10,41.1649,-96.4701,100,763.1313131,1511,20.31,366.99,66.3,3.13,2.322563846,0
240.4791667,11,41.1649,-96.4701,100,708.5858586,1403,21.09,367.64,63.3,2.91,2.320017613,0
240.5208333,12,41.1649,-96.4701,100,783.9393939,1552.2,21.78,364.36,60.7,2.88,2.317471386,0
240.5625,13,41.1649,-96.4701,100,659.7474747,1306.3,22.44,363.15,60.9,2.57,2.314925153,0
240.6041667,14,41.1649,-96.4701,100,653.5858586,1294.1,22.01,362.65,58.1,2.94,2.31237892,0
240.6458333,15,41.1649,-96.4701,100,608.7878788,1205.4,21.97,363.16,57.6,2.52,2.309832693,0
240.6875,16,41.1649,-96.4701,100,392.4747475,777.1,21.74,365.88,57.3,2.15,2.30728646,0
241.3125,7,41.1649,-96.4701,100,250.3535354,495.7,16.12,552.52,99.1,0.77,2.269092994,0
241.3541667,8,41.1649,-96.4701,100,423.8888889,839.3,17.28,476.58,90,0.43,2.266546761,0
241.3958333,9,41.1649,-96.4701,100,579.5454545,1147.5,18.58,395.96,78.6,0.91,2.264000534,0
241.4375,10,41.1649,-96.4701,100,550.3535354,1089.7,19.62,374.42,70.2,1.12,2.261454301,0
241.4791667,11,41.1649,-96.4701,100,816.2121212,1616.1,20.61,366.29,63.6,1.8,2.258908068,0
241.5208333,12,41.1649,-96.4701,100,740.959596,1467.1,21.43,364.76,60.4,1.33,2.256361841,0
241.5625,13,41.1649,-96.4701,100,660.959596,1308.7,21.97,361.38,61.8,1.33,2.253815608,0
241.6041667,14,41.1649,-96.4701,100,813.1313131,1610,21.81,362.21,58.2,1.3,2.251269375,0
241.6458333,15,41.1649,-96.4701,100,628.3838384,1244.2,21.75,361.69,57.9,1.06,2.248723148,0
241.6875,16,41.1649,-96.4701,100,425.9090909,843.3,21.55,365.67,57.7,1.03,2.246176915,0
242.3125,7,41.1649,-96.4701,100,248.7878788,492.6,15.58,747.09,99.8,0.31,2.209246929,0
242.3541667,8,41.1649,-96.4701,100,431.3131313,854,16.89,443.19,85.5,0.3,2.20686916,0
242.3958333,9,41.1649,-96.4701,100,558.7878788,1106.4,18.21,387.73,74.1,0.86,2.204491397,0
242.4375,10,41.1649,-96.4701,100,704.3434343,1394.6,19.56,370.29,67.4,1.45,2.202113628,0
242.4791667,11,41.1649,-96.4701,100,797.4242424,1578.9,20.55,364.06,64.6,1.53,2.199735859,0
242.5208333,12,41.1649,-96.4701,100,754.3434343,1493.6,21.66,364.8,62.7,1.23,2.197358096,0
242.5625,13,41.1649,-96.4701,100,753.989899,1492.9,22.75,361.91,60.8,1.22,2.194980327,0
242.6041667,14,41.1649,-96.4701,100,627.979798,1243.4,22.28,360.11,60.6,1.04,2.192602558,0
242.6458333,15,41.1649,-96.4701,100,585.3535354,1159,22.19,359.91,57.7,1.02,2.190224795,0
242.6875,16,41.1649,-96.4701,100,392.1717172,776.5,21.99,363.07,57.2,0.27,2.187847026,0
243.3125,7,41.1649,-96.4701,100,224.3434343,444.2,16.71,581.56,98.2,0.34,2.15218052,0
243.3541667,8,41.1649,-96.4701,100,407.7272727,807.3,17.95,420.5,84.8,0.59,2.149802751,0
243.3958333,9,41.1649,-96.4701,100,533.030303,1055.4,19.22,392.93,74.8,0.4,2.147424988,0
243.4375,10,41.1649,-96.4701,100,730.6060606,1446.6,20.49,377.03,65.1,0.74,2.145047219,0
243.4791667,11,41.1649,-96.4701,100,784.8484848,1554,21.45,367.31,59,1.12,2.14266945,0
243.5208333,12,41.1649,-96.4701,100,466.7676768,924.2,21.9,367.67,59.9,0.69,2.140291686,0
243.5625,13,41.1649,-96.4701,100,622.1212121,1231.8,22.37,364.13,57.9,1.29,2.137913917,0
243.6041667,14,41.1649,-96.4701,100,628.4848485,1244.4,22.58,361.77,57.2,1.85,2.135536149,0
243.6458333,15,41.1649,-96.4701,100,499.4444444,988.9,22.33,360.67,56.6,1.57,2.133158385,0
243.6875,16,41.1649,-96.4701,100,305.4040404,604.7,22.24,359.98,58.4,1.29,2.130780616,0
244.3125,7,41.1649,-96.4701,100,135,267.3,17.9,407.51,96.5,2.76,2.09511411,0
244.3541667,8,41.1649,-96.4701,100,245.5050505,486.1,18.56,393.75,92.1,3.21,2.092736341,0
244.3958333,9,41.1649,-96.4701,100,349.1919192,691.4,19.31,383.43,84.1,3.65,2.090358578,0
244.4375,10,41.1649,-96.4701,100,565.5555556,1119.8,20.11,376.63,80.3,3.24,2.087980809,0
244.4791667,11,41.1649,-96.4701,100,515.6060606,1020.9,21.17,365.92,75.8,2.89,2.08560304,0
244.5208333,12,41.1649,-96.4701,100,391.6666667,775.5,21.44,363.43,73.6,2.84,2.083225277,0
244.5625,13,41.1649,-96.4701,100,468.0808081,926.8,21.89,361.49,71,3.07,2.080847508,0
244.6041667,14,41.1649,-96.4701,100,267.2222222,529.1,21.88,363.92,70.1,2.35,2.078469739,0
244.6458333,15,41.1649,-96.4701,100,183.1313131,362.6,21.62,358.29,68.9,1.78,2.076091976,0
244.6875,16,41.1649,-96.4701,100,121.5151515,240.6,21.45,361.42,75.1,1.39,2.073714207,0
245.3125,7,41.1649,-96.4701,100,157.4747475,311.8,18.52,413.89,96.9,1.79,2.038047701,0
245.3541667,8,41.1649,-96.4701,100,317.979798,629.6,19.28,388.41,86.3,2.88,2.035669932,0
245.3958333,9,41.1649,-96.4701,100,449.3939394,889.8,20.13,379.8,78.8,2.91,2.033292169,0
245.4375,10,41.1649,-96.4701,100,643.1313131,1273.4,21.12,375.92,75.1,2.09,2.0309144,0
245.4791667,11,41.1649,-96.4701,100,737.5252525,1460.3,22.07,372.11,73.8,2.04,2.028536631,0
245.5208333,12,41.1649,-96.4701,100,695.6565657,1377.4,22.95,365.52,73.1,2.51,2.026158867,0
245.5625,13,41.1649,-96.4701,100,746.6161616,1478.3,24.03,359.82,72.3,2.6,2.023781098,0
245.6041667,14,41.1649,-96.4701,100,674.9494949,1336.4,24.02,356.46,68.6,2.56,2.021403329,0
245.6458333,15,41.1649,-96.4701,100,483.5858586,957.5,23.7,358.08,66.5,2.75,2.019025566,0
245.6875,16,41.1649,-96.4701,100,351.4141414,695.8,23.41,359.42,65.3,2.22,2.016647797,0
246.3125,7,41.1649,-96.4701,100,134.6969697,266.7,17.41,631.12,100,0.39,1.981450747,0
246.3541667,8,41.1649,-96.4701,100,335.7070707,664.7,18.63,475.08,99.9,2.05,1.979135573,0
246.3958333,9,41.1649,-96.4701,100,462.3737374,915.5,20.14,398.5,85.3,2.86,1.976820403,0
246.4375,10,41.1649,-96.4701,100,647.9292929,1282.9,21.48,373.64,74.8,3.34,1.974505229,0
246.4791667,11,41.1649,-96.4701,100,748.5858586,1482.2,22.63,358.17,67.4,3.59,1.972190054,0
246.5208333,12,41.1649,-96.4701,100,702.2222222,1390.4,23.53,359.25,59.4,3.87,1.969874885,0
246.5625,13,41.1649,-96.4701,100,746.7676768,1478.6,24.17,357.91,56.1,4.08,1.96755971,0
246.6041667,14,41.1649,-96.4701,100,670.8585859,1328.3,24.23,355.63,55.5,3.79,1.965244535,0
246.6458333,15,41.1649,-96.4701,100,471.9191919,934.4,24.19,355.98,55.3,3.55,1.962929366,0
246.6875,16,41.1649,-96.4701,100,293.5858586,581.3,23.94,355.62,59.8,2.72,1.960614191,0
247.3125,7,41.1649,-96.4701,100,87.92929293,174.1,19.02,419.86,89.4,3.17,1.925886597,0
247.3541667,8,41.1649,-96.4701,100,238.030303,471.3,19.64,402.26,77.3,3.82,1.923571422,0
247.3958333,9,41.1649,-96.4701,100,181.5151515,359.4,20.13,391.2,70.2,3.45,1.921256253,0
247.4375,10,41.1649,-96.4701,100,137.8787879,273,20.18,392.88,70.2,3.17,1.918941078,0
247.4791667,11,41.1649,-96.4701,100,367.1717172,727,20.55,385.97,66.6,2.69,1.916625904,0
247.5208333,12,41.1649,-96.4701,100,532.020202,1053.4,21.4,374.42,60.6,2.69,1.914310734,0
247.5625,13,41.1649,-96.4701,100,597.8787879,1183.8,22.19,367.84,56.1,3.11,1.91199556,0
247.6041667,14,41.1649,-96.4701,100,509.4949495,1008.8,22.01,365.87,52.4,3.13,1.909680385,0
247.6458333,15,41.1649,-96.4701,100,376.7676768,746,21.6,366.28,51.8,3.33,1.907365216,0
247.6875,16,41.1649,-96.4701,100,213.9393939,423.6,21.06,364.6,56.2,2.9,1.905050041,0
248.3125,7,41.1649,-96.4701,100,227.8282828,451.1,13.83,401.29,78,3.08,1.870322447,0
248.3541667,8,41.1649,-96.4701,100,421.2121212,834,14.72,390.67,69.1,3.42,1.868007272,0
248.3958333,9,41.1649,-96.4701,100,533.2323232,1055.8,15.91,380.62,60,3.88,1.865692103,0
248.4375,10,41.1649,-96.4701,100,740.9090909,1467,16.93,378.99,47.7,5.12,1.863376928,0
248.4791667,11,41.1649,-96.4701,100,824.4949495,1632.5,17.77,377.3,43,5.26,1.861061754,0
248.5208333,12,41.1649,-96.4701,100,767.020202,1518.7,18.43,374.56,42.3,5.28,1.858746584,0
248.5625,13,41.1649,-96.4701,100,793.4343434,1571,19.56,374.13,40.8,5.34,1.85643141,0
248.6041667,14,41.1649,-96.4701,100,384.7474747,761.8,18.43,376.01,42.4,4.95,1.854116235,0
248.6458333,15,41.1649,-96.4701,100,392.5757576,777.3,17.84,375.22,44.6,4.41,1.851801066,0
248.6875,16,41.1649,-96.4701,100,234.2424242,463.8,17.51,376.36,45.5,3.86,1.849485891,0
249.3125,7,41.1649,-96.4701,100,210.3535354,416.5,11.57,436.27,93,1.73,1.814758297,0
249.3541667,8,41.1649,-96.4701,100,407.2727273,806.4,12.91,405.57,78,2.29,1.812443122,0
249.3958333,9,41.1649,-96.4701,100,514.1919192,1018.1,14.39,385.95,64.4,2.27,1.810127953,0
249.4375,10,41.1649,-96.4701,100,717.6262626,1420.9,15.9,377.27,54.6,2.55,1.807812778,0
249.4791667,11,41.1649,-96.4701,100,731.6666667,1448.7,17.14,375.61,47.4,2.61,1.805497604,0
249.5208333,12,41.1649,-96.4701,100,676.4141414,1339.3,17.67,373.22,46.4,2.36,1.803182434,0
249.5625,13,41.1649,-96.4701,100,679.1414141,1344.7,18.42,373.76,45.2,2.35,1.80086726,0
249.6041667,14,41.1649,-96.4701,100,662.7777778,1312.3,18.61,374.09,43.9,2.72,1.798552085,0
249.6458333,15,41.1649,-96.4701,100,563.2323232,1115.2,18.22,373.38,44.7,2.24,1.796236916,0
249.6875,16,41.1649,-96.4701,100,375.0505051,742.6,17.87,374.29,43.5,2.2,1.793921741,0
250.3125,7,41.1649,-96.4701,100,192.6262626,381.4,11.5,528.97,93.8,0.63,1.759374749,0
250.3541667,8,41.1649,-96.4701,100,383.0808081,758.5,12.81,436.14,78.3,1.26,1.757083655,0
250.3958333,9,41.1649,-96.4701,100,518.7878788,1027.2,14.51,399.26,63.5,1.83,1.754792566,0
250.4375,10,41.1649,-96.4701,100,732.9292929,1451.2,16.27,379.16,50.4,1.6,1.752501471,0
250.4791667,11,41.1649,-96.4701,100,823.9393939,1631.4,17.66,374.42,44.2,1.79,1.750210377,0
250.5208333,12,41.1649,-96.4701,100,767.6262626,1519.9,18.79,373.73,41,1.82,1.747919288,0
250.5625,13,41.1649,-96.4701,100,829.3434343,1642.1,19.97,371.1,38.6,2.23,1.745628194,0
250.6041667,14,41.1649,-96.4701,100,751.5656566,1488.1,20.31,371.18,38.1,2.31,1.743337099,0
250.6458333,15,41.1649,-96.4701,100,551.969697,1092.9,20.29,371.27,37.5,2.38,1.74104601,0
250.6875,16,41.1649,-96.4701,100,365,722.7,19.83,371.71,38.6,1.68,1.738754916,0
251.3125,7,41.1649,-96.4701,100,206.5151515,408.9,13.77,435.95,89.2,1.16,1.704388526,0
251.3541667,8,41.1649,-96.4701,100,396.3636364,784.8,15.07,412.25,76.7,1.38,1.702097432,0
251.3958333,9,41.1649,-96.4701,100,517.5757576,1024.8,16.64,394.09,65.4,1.24,1.699806343,0
251.4375,10,41.1649,-96.4701,100,730.2020202,1445.8,18.35,384.59,57.9,1.31,1.697515248,0
251.4791667,11,41.1649,-96.4701,100,812.0707071,1607.9,20,378.46,50.3,1.34,1.695224154,0
251.5208333,12,41.1649,-96.4701,100,762.4242424,1509.6,21.2,370.06,46.4,1.74,1.692933065,0
251.5625,13,41.1649,-96.4701,100,822.5757576,1628.7,22.38,368.74,45.9,1.94,1.690641971,0
251.6041667,14,41.1649,-96.4701,100,733.5858586,1452.5,22.48,369.97,44.8,2.2,1.688350876,0
251.6458333,15,41.1649,-96.4701,100,533.3838384,1056.1,22.36,369.71,45.4,2.11,1.686059787,0
251.6875,16,41.1649,-96.4701,100,353.2828283,699.5,21.91,368.19,47.5,1.89,1.683768693,0
252.3125,7,41.1649,-96.4701,100,132.8282828,263,15.77,430.75,90.4,1.24,1.649402303,0
252.3541667,8,41.1649,-96.4701,100,346.8181818,686.7,16.78,385.91,74.4,2.17,1.647111209,0
252.3958333,9,41.1649,-96.4701,100,473.6868687,937.9,18.16,371.1,63.4,2.47,1.64482012,0
252.4375,10,41.1649,-96.4701,100,563.7878788,1116.3,19.53,364.16,56.3,2.95,1.642529026,0
252.4791667,11,41.1649,-96.4701,100,511.6666667,1013.1,20.45,364.1,51.7,2.89,1.640237931,0
252.5208333,12,41.1649,-96.4701,100,525.4545455,1040.4,21.18,365.73,47.9,3.45,1.637946842,0
252.5625,13,41.1649,-96.4701,100,403.4848485,798.9,21.48,366.89,49.1,3.24,1.635655748,0
252.6041667,14,41.1649,-96.4701,100,239.0909091,473.4,21.13,363.99,53,2.15,1.633364653,0
252.6458333,15,41.1649,-96.4701,100,177.8282828,352.1,21.07,367.06,52.7,2.18,1.631073564,0
252.6875,16,41.1649,-96.4701,100,194.8484848,385.8,21.01,367.32,52,2.69,1.62878247,0
253.3125,7,41.1649,-96.4701,100,25.85858586,51.2,17.72,397.79,82.5,1.13,1.59441608,0
253.3541667,8,41.1649,-96.4701,100,54.94949495,108.8,17.86,391.19,84.5,2.31,1.592124986,0
253.3958333,9,41.1649,-96.4701,100,50.85858586,100.7,18.05,385.08,83.5,2.61,1.589833897,0
253.4375,10,41.1649,-96.4701,100,155.2020202,307.3,18.43,371.73,83.9,1.45,1.587542803,0
253.4791667,11,41.1649,-96.4701,100,617.5252525,1222.7,20.25,362.15,66.5,3.24,1.585251708,0
253.5208333,12,41.1649,-96.4701,100,459.2424242,909.3,20.69,363.55,58.8,3.91,1.582960619,0
253.5625,13,41.1649,-96.4701,100,612.6262626,1213,21.76,364,53.5,4.38,1.580669525,0
253.6041667,14,41.1649,-96.4701,100,566.2626263,1121.2,21.81,364.27,49.7,4.17,1.57837843,0
253.6458333,15,41.1649,-96.4701,100,443.7373737,878.6,21.9,367.94,44.8,4.48,1.576087341,0
253.6875,16,41.1649,-96.4701,100,318.6868687,631,21.61,365.64,49.4,2.71,1.573796247,0
254.3125,7,41.1649,-96.4701,100,150.6565657,298.3,16.44,402.42,85.7,1.88,1.54003637,0
254.3541667,8,41.1649,-96.4701,100,339.7474747,672.7,17.38,385.72,72.8,2.51,1.537826143,0
254.3958333,9,41.1649,-96.4701,100,462.6262626,916,18.61,373.19,61.5,2.9,1.535615923,0
254.4375,10,41.1649,-96.4701,100,656.969697,1300.8,19.84,369.15,51.7,3.57,1.533405696,0
254.4791667,11,41.1649,-96.4701,100,721.6666667,1428.9,21.18,365.34,50,2.92,1.53119547,0
254.5208333,12,41.1649,-96.4701,100,692.7272727,1371.6,22.52,364.41,48.7,2.8,1.528985249,0
254.5625,13,41.1649,-96.4701,100,757.020202,1498.9,22.98,366.45,46.4,2.67,1.526775023,0
254.6041667,14,41.1649,-96.4701,100,678.5353535,1343.5,23.07,366.83,45,2.46,1.524564797,0
254.6458333,15,41.1649,-96.4701,100,452.0707071,895.1,23.15,365.42,46.1,1.72,1.522354576,0
254.6875,16,41.1649,-96.4701,100,293.989899,582.1,22.56,364.64,48.4,1.64,1.52014435,0
255.3125,7,41.1649,-96.4701,100,175.3030303,347.1,15.77,574.9,99.1,0.28,1.486990985,0
255.3541667,8,41.1649,-96.4701,100,373.989899,740.5,17.1,435.98,79.5,0.78,1.484780759,0
255.3958333,9,41.1649,-96.4701,100,490.5050505,971.2,18.5,403.56,67.4,0.85,1.482570538,0
255.4375,10,41.1649,-96.4701,100,690.0505051,1366.3,19.9,376.26,57.5,0.98,1.480360312,0
255.4791667,11,41.1649,-96.4701,100,766.8686869,1518.4,21.29,372.88,51.3,1.21,1.478150086,0
255.5208333,12,41.1649,-96.4701,100,718.989899,1423.6,22.89,369.57,49.6,2.14,1.475939865,0
255.5625,13,41.1649,-96.4701,100,752.1212121,1489.2,23.25,369.57,49.5,1.7,1.473729639,0
255.6041667,14,41.1649,-96.4701,100,670.1010101,1326.8,23.24,365.3,49.2,1.69,1.471519413,0
255.6458333,15,41.1649,-96.4701,100,498.6363636,987.3,23.51,364.16,49,1.47,1.469309192,0
255.6875,16,41.1649,-96.4701,100,274.5454545,543.6,22.71,365.76,51,1.3,1.467098966,0
256.3125,7,41.1649,-96.4701,100,170.6060606,337.8,15.68,572.61,96.2,0.94,1.4339456,0
256.3541667,8,41.1649,-96.4701,100,369.6969697,732,17.05,415.47,74,1.84,1.431735374,0
256.3958333,9,41.1649,-96.4701,100,491.5151515,973.2,18.52,390.68,59.7,2.28,1.429525154,0
256.4375,10,41.1649,-96.4701,100,675.1515152,1336.8,20.1,380.7,52.2,2.51,1.427314927,0
256.4791667,11,41.1649,-96.4701,100,767.1717172,1519,21.44,374.5,47.6,2.76,1.425104701,0
256.5208333,12,41.1649,-96.4701,100,670.7070707,1328,22.49,369.93,45.6,2.28,1.42289448,0
256.5625,13,41.1649,-96.4701,100,460.3030303,911.4,22.93,368.94,44.3,2.38,1.420684254,0
256.6041667,14,41.1649,-96.4701,100,167.020202,330.7,22.29,373.83,48.9,1.01,1.418474028,0
256.6458333,15,41.1649,-96.4701,100,495.5555556,981.2,23.13,369.22,42.9,1.56,1.416263807,0
256.6875,16,41.1649,-96.4701,100,328.6868687,650.8,23.02,368.48,42.9,1.68,1.414053581,0
257.3125,7,41.1649,-96.4701,100,180.3030303,357,17.98,391.21,65.7,2.83,1.380900216,0
257.3541667,8,41.1649,-96.4701,100,321.1616162,635.9,18.79,381.04,58.6,3.7,1.37868999,0
257.3958333,9,41.1649,-96.4701,100,502.979798,995.9,19.88,375.71,50.7,4.23,1.376479769,0
257.4375,10,41.1649,-96.4701,100,702.5757576,1391.1,21.34,375.49,43.6,5.26,1.374269543,0
257.4791667,11,41.1649,-96.4701,100,774.8989899,1534.3,22.36,375.95,39,5.65,1.372059317,0
257.5208333,12,41.1649,-96.4701,100,725.5050505,1436.5,23.48,378.59,33.3,6.44,1.369849096,0
257.5625,13,41.1649,-96.4701,100,794.1919192,1572.5,23.79,380.1,30.5,6.7,1.36763887,0
257.6041667,14,41.1649,-96.4701,100,708.1313131,1402.1,24.11,380.39,30.4,5.67,1.365428644,0
257.6458333,15,41.1649,-96.4701,100,402.020202,796,24.19,382.17,31.4,4.79,1.363218423,0
257.6875,16,41.1649,-96.4701,100,265.0505051,524.8,23.39,383.41,31.8,4.23,1.361008197,0
258.3125,7,41.1649,-96.4701,100,190.7070707,377.6,18.25,403.66,76.7,2.43,1.329255163,0
258.3541667,8,41.1649,-96.4701,100,324.8989899,643.3,19.19,394.12,69.8,3.97,1.327231648,0
258.3958333,9,41.1649,-96.4701,100,464.2424242,919.2,20.4,385.6,63.7,3.86,1.325208138,0
258.4375,10,41.1649,-96.4701,100,658.5353535,1303.9,21.97,378.64,57.4,4.1,1.323184623,0
258.4791667,11,41.1649,-96.4701,100,764.2424242,1513.2,23.35,377.97,48.4,4.42,1.321161108,0
258.5208333,12,41.1649,-96.4701,100,730.3030303,1446,24.92,380.69,40.4,5.49,1.319137597,0
258.5625,13,41.1649,-96.4701,100,783.5353535,1551.4,25.14,381.9,39,5.77,1.317114082,0
258.6041667,14,41.1649,-96.4701,100,429.3434343,850.1,24.79,383.49,40.6,5.28,1.315090567,0
258.6458333,15,41.1649,-96.4701,100,377.0707071,746.6,24.63,383.42,39.3,5.25,1.313067057,0
258.6875,16,41.1649,-96.4701,100,274.5454545,543.6,24.21,384.59,42.8,5.59,1.311043542,0
259.3125,7,41.1649,-96.4701,100,13.23232323,26.2,19.85,409.44,98.3,2.41,1.28069084,0
259.3541667,8,41.1649,-96.4701,100,85.35353535,169,20,413.42,98.8,0.08,1.278667325,0
259.3958333,9,41.1649,-96.4701,100,163.989899,324.7,20.2,422.08,95.5,2.76,1.276643814,0
259.4375,10,41.1649,-96.4701,100,101.1111111,200.2,19.79,412.92,92.8,3.12,1.274620299,0
259.4791667,11,41.1649,-96.4701,100,65.45454545,129.6,18.82,406.4,93.7,3.45,1.272596784,0
259.5208333,12,41.1649,-96.4701,100,85.95959596,170.2,18.42,406.11,95.8,2.99,1.270573274,0
259.5625,13,41.1649,-96.4701,100,113.7373737,225.2,18.31,403.78,94.7,3.4,1.268549759,0
259.6041667,14,41.1649,-96.4701,100,179.1414141,354.7,18.37,396.67,88.5,3.04,1.266526244,0
259.6458333,15,41.1649,-96.4701,100,76.31313131,151.1,18.47,396.13,85.8,2.62,1.264502734,0
259.6875,16,41.1649,-96.4701,100,27.97979798,55.4,18.07,393.94,85.7,3.38,1.262479219,0
260.3125,7,41.1649,-96.4701,100,184.9494949,366.2,12.62,406.1,89.6,1.7,1.232126517,0
260.3541667,8,41.1649,-96.4701,100,369.1919192,731,13.44,391.87,73.4,3.21,1.230103001,0
260.3958333,9,41.1649,-96.4701,100,417.6767677,827,14.42,385.13,64.9,3.26,1.228079491,0
260.4375,10,41.1649,-96.4701,100,602.4747475,1192.9,15.61,382.25,58,2.41,1.226055976,0
260.4791667,11,41.1649,-96.4701,100,460.3030303,911.4,16.62,382.95,56.3,2.1,1.224032461,0
260.5208333,12,41.1649,-96.4701,100,246.5656566,488.2,16.69,382.51,60.1,1.83,1.222008951,0
260.5625,13,41.1649,-96.4701,100,647.3232323,1281.7,17.54,381.57,54.9,1.82,1.219985436,0
260.6041667,14,41.1649,-96.4701,100,702.3232323,1390.6,18.65,381.16,52.5,1.6,1.217961921,0
260.6458333,15,41.1649,-96.4701,100,477.3737374,945.2,18.42,380.17,51.1,2.24,1.21593841,0
260.6875,16,41.1649,-96.4701,100,323.2828283,640.1,17.96,383.86,50.5,2.04,1.213914895,0
261.3125,7,41.1649,-96.4701,100,3.686868687,7.3,17.36,431.52,100,2.26,1.183562193,0
261.3541667,8,41.1649,-96.4701,100,92.07070707,182.3,17.62,416.51,99.7,2.14,1.181538678,0
261.3958333,9,41.1649,-96.4701,100,119.4444444,236.5,18.21,409.51,95.7,3.11,1.179515168,0
261.4375,10,41.1649,-96.4701,100,164.3434343,325.4,18.58,408.78,95.3,3.32,1.177491653,0
261.4791667,11,41.1649,-96.4701,100,153.9393939,304.8,18.87,407.78,97,2.66,1.175468138,0
261.5208333,12,41.1649,-96.4701,100,220.5555556,436.7,19.28,405.04,91.9,2.99,1.173444628,0
261.5625,13,41.1649,-96.4701,100,189.9494949,376.1,19.47,403.32,91.5,2.71,1.171421113,0
261.6041667,14,41.1649,-96.4701,100,204.2929293,404.5,19.85,394.9,88.3,3.42,1.169397597,0
261.6458333,15,41.1649,-96.4701,100,162.8282828,322.4,20.18,395.56,84.4,3.15,1.167374087,0
261.6875,16,41.1649,-96.4701,100,256.5151515,507.9,20.22,394.89,80.5,2.15,1.165350572,0
262.3125,7,41.1649,-96.4701,100,135.8585859,269,18.42,428.22,99.5,3.03,1.136974844,0
262.3541667,8,41.1649,-96.4701,100,206.8181818,409.5,19.09,420.81,95.9,3.47,1.135214926,0
262.3958333,9,41.1649,-96.4701,100,490.2020202,970.6,20.02,410.71,81,4.11,1.133455012,0
262.4375,10,41.1649,-96.4701,100,692.0707071,1370.3,21.36,402.56,66.9,4.53,1.131695093,0
262.4791667,11,41.1649,-96.4701,100,758.989899,1502.8,22.37,400.71,61.1,5.35,1.129935175,0
262.5208333,12,41.1649,-96.4701,100,712.3232323,1410.4,24.35,400.85,58.2,6.01,1.128175261,0
262.5625,13,41.1649,-96.4701,100,780.4040404,1545.2,24.19,398.37,54.7,6.66,1.126415342,0
262.6041667,14,41.1649,-96.4701,100,687.2222222,1360.7,24.63,396.41,52,6.89,1.124655424,0
262.6458333,15,41.1649,-96.4701,100,408.989899,809.8,24,394.8,53,6.55,1.12289551,0
262.6875,16,41.1649,-96.4701,100,261.1616162,517.1,23.57,392.43,55.4,6.38,1.121135592,0
263.3125,7,41.1649,-96.4701,100,196.5151515,389.1,17.55,408.25,80.5,3.37,1.094736837,0
263.3541667,8,41.1649,-96.4701,100,401.0606061,794.1,17.94,402.61,70.2,4.25,1.092976919,0
263.3958333,9,41.1649,-96.4701,100,507.1212121,1004.1,18.78,398.53,61.2,4.04,1.091217005,0
263.4375,10,41.1649,-96.4701,100,706.3131313,1398.5,19.84,392.75,52.3,3.69,1.089457087,0
263.4791667,11,41.1649,-96.4701,100,773.3838384,1531.3,20.66,388.21,46.8,3.7,1.087697168,0
263.5208333,12,41.1649,-96.4701,100,723.7878788,1433.1,22.66,387.61,44.5,3.27,1.085937254,0
263.5625,13,41.1649,-96.4701,100,794.040404,1572.2,22.61,387.43,43.9,3.06,1.084177336,0
263.6041667,14,41.1649,-96.4701,100,704.5959596,1395.1,22.84,386.4,41.2,2.93,1.082417417,0
263.6458333,15,41.1649,-96.4701,100,491.6161616,973.4,22,384.7,41.1,2.93,1.080657503,0
263.6875,16,41.1649,-96.4701,100,327.8282828,649.1,21.22,383.82,41.9,2.63,1.078897585,0
264.3125,7,41.1649,-96.4701,100,138.0808081,273.4,17.56,426.2,84.9,3.01,1.052498831,0
264.3541667,8,41.1649,-96.4701,100,344.1414141,681.4,18.68,423.64,80.4,3.4,1.050738912,0
264.3958333,9,41.1649,-96.4701,100,447.7272727,886.5,20.37,414.36,75,3.56,1.048978998,0
264.4375,10,41.1649,-96.4701,100,642.8282828,1272.8,21.98,405.66,69.5,4.64,1.04721908,0
264.4791667,11,41.1649,-96.4701,100,721.5656566,1428.7,23.37,400.38,64,4.55,1.045459162,0
264.5208333,12,41.1649,-96.4701,100,661.4646465,1309.7,25.12,392.08,58.7,5.01,1.043699247,0
264.5625,13,41.1649,-96.4701,100,773.5353535,1531.6,25.31,391.35,55.5,5.65,1.041939329,0
264.6041667,14,41.1649,-96.4701,100,681.3131313,1349,25.53,390.85,52.9,6.26,1.040179411,0
264.6458333,15,41.1649,-96.4701,100,477.6262626,945.7,25.01,390.09,53.2,6.3,1.038419497,0
264.6875,16,41.1649,-96.4701,100,287.6262626,569.5,24.6,390.81,55.6,6.2,1.036659578,0
265.3125,7,41.1649,-96.4701,100,133.8383838,265,21.39,398.16,80.6,3.25,1.010260824,0
265.3541667,8,41.1649,-96.4701,100,361.1111111,715,22.07,391.14,70.3,4.31,1.008500906,0
265.3958333,9,41.1649,-96.4701,100,488.8383838,967.9,22.98,389.13,61.7,5.38,1.006740992,0
265.4375,10,41.1649,-96.4701,100,680.8080808,1348,24.01,388.21,55.1,5.25,1.004981073,0
265.4791667,11,41.1649,-96.4701,100,742.3232323,1469.8,24.86,388.49,51.6,5.68,1.003221155,0
265.5208333,12,41.1649,-96.4701,100,707.2727273,1400.4,26.29,386.46,46.7,6.04,1.001461241,0
265.5625,13,41.1649,-96.4701,100,786.5656566,1557.4,26.05,386.58,41.6,6.36,0.999701323,0
265.6041667,14,41.1649,-96.4701,100,648.9393939,1284.9,25.89,387.4,39.4,6.38,0.997941404,0
265.6458333,15,41.1649,-96.4701,100,463.2828283,917.3,25.4,388.33,41.2,5.96,0.99618149,0
265.6875,16,41.1649,-96.4701,100,223.3333333,442.2,24.78,389.77,44,5.52,0.994421572,0
266.3125,7,41.1649,-96.4701,100,169.5454545,335.7,20.57,409.14,87.1,2.69,0.97002689,0
266.3541667,8,41.1649,-96.4701,100,379.4444444,751.3,21.37,399.38,74.8,3.69,0.968534182,0
266.3958333,9,41.1649,-96.4701,100,402.8282828,797.6,22.26,393.2,65.3,3.79,0.967041477,0
266.4375,10,41.1649,-96.4701,100,645.959596,1279,23.58,390.14,57.4,3.74,0.965548768,0
266.4791667,11,41.1649,-96.4701,100,695.2020202,1376.5,24.53,388.04,52.7,4.11,0.96405606,0
266.5208333,12,41.1649,-96.4701,100,586.9191919,1162.1,25.42,387.67,49.2,4.78,0.962563355,0
266.5625,13,41.1649,-96.4701,100,669.5454545,1325.7,25.53,386.73,46.5,5.22,0.961070647,0
266.6041667,14,41.1649,-96.4701,100,543.1818182,1075.5,25.52,387.73,46.2,5.12,0.959577938,0
266.6458333,15,41.1649,-96.4701,100,390.3030303,772.8,24.87,389.22,46.1,5.54,0.958085233,0
266.6875,16,41.1649,-96.4701,100,267.8282828,530.3,24.31,390.66,45,5.81,0.956592525,0
267.3125,7,41.1649,-96.4701,100,116.2626263,230.2,20.05,404.32,79.2,2.58,0.934201916,0
267.3541667,8,41.1649,-96.4701,100,333.1818182,659.7,20.82,397.15,66.4,3.61,0.932709208,0
267.3958333,9,41.1649,-96.4701,100,450.7070707,892.4,21.9,393.39,60,4.87,0.931216503,0
267.4375,10,41.1649,-96.4701,100,583.3333333,1155,23.14,388.46,53.9,5.83,0.929723794,0
267.4791667,11,41.1649,-96.4701,100,408.989899,809.8,23.79,388.61,51.8,5.09,0.928231086,0
267.5208333,12,41.1649,-96.4701,100,600.4040404,1188.8,24.47,388.41,48.3,5.34,0.926738381,0
267.5625,13,41.1649,-96.4701,100,410.6565657,813.1,23.89,389.24,64.2,4.12,0.925245673,0
267.6041667,14,41.1649,-96.4701,100,152.979798,302.9,23.14,390.76,74,3.7,0.923752964,0
267.6458333,15,41.1649,-96.4701,100,236.3636364,468,22.58,391.07,74.2,3.24,0.922260259,0
267.6875,16,41.1649,-96.4701,100,161.9191919,320.6,22.78,394.65,70.8,2.17,0.920767551,0
268.3125,7,41.1649,-96.4701,100,60.80808081,120.4,16.39,412.85,97.7,1.81,0.898376942,0
268.3541667,8,41.1649,-96.4701,100,34.44444444,68.2,16.8,416.12,97.9,0.85,0.896884234,0
268.3958333,9,41.1649,-96.4701,100,10.3030303,20.4,16.77,422.02,100,1.1,0.895391529,0
268.4375,10,41.1649,-96.4701,100,51.86868687,102.7,16.71,423.07,100,1.21,0.89389882,0
268.4791667,11,41.1649,-96.4701,100,115.6565657,229,17.21,421.01,100,2.04,0.892406112,0
268.5208333,12,41.1649,-96.4701,100,92.97979798,184.1,17.23,418.65,99.6,2.8,0.890913407,0
268.5625,13,41.1649,-96.4701,100,152.5757576,302.1,17.41,418.63,99,2.63,0.889420699,0
268.6041667,14,41.1649,-96.4701,100,102.0707071,202.1,17.66,420.44,97.6,1.79,0.88792799,0
268.6458333,15,41.1649,-96.4701,100,80.3030303,159,17.65,420.65,98.2,2.01,0.886435285,0
268.6875,16,41.1649,-96.4701,100,73.23232323,145,17.65,417.43,97.9,2.77,0.884942577,0
269.3125,7,41.1649,-96.4701,100,57.12121212,113.1,14.36,401.31,94.5,3.36,0.862551968,0
269.3541667,8,41.1649,-96.4701,100,159.1414141,315.1,14.45,399.09,90.1,3.16,0.86105926,0
269.3958333,9,41.1649,-96.4701,100,207.6262626,411.1,14.81,397.48,87.8,3.76,0.859566555,0
269.4375,10,41.1649,-96.4701,100,326.5656566,646.6,15.34,395.52,82.9,3.4,0.858073846,0
269.4791667,11,41.1649,-96.4701,100,433.9393939,859.2,16.12,393.03,77.4,3.53,0.856581138,0
269.5208333,12,41.1649,-96.4701,100,462.5252525,915.8,16.77,391.02,72.5,3.07,0.855088433,0
269.5625,13,41.1649,-96.4701,100,432.4747475,856.3,17.34,389.53,69.6,2.48,0.853595725,0
269.6041667,14,41.1649,-96.4701,100,609.6969697,1207.2,17.9,388.54,64.8,1.88,0.852103016,0
269.6458333,15,41.1649,-96.4701,100,308.3838384,610.6,17.7,387.64,63,1.88,0.850610311,0
269.6875,16,41.1649,-96.4701,100,106.969697,211.8,17.28,389.8,65.6,1.55,0.849117603,0
270.3125,7,41.1649,-96.4701,100,95.55555556,189.2,11.93,504.81,100,1,0.827964462,0
270.3541667,8,41.1649,-96.4701,100,205.1515152,406.2,12.95,466.4,97.1,0.87,0.82663675,0
270.3958333,9,41.1649,-96.4701,100,247.5252525,490.1,13.96,434.14,87,0.71,0.82530904,0
270.4375,10,41.1649,-96.4701,100,313.6868687,621.1,14.85,407.74,72.9,0.74,0.823981328,0
270.4791667,11,41.1649,-96.4701,100,624.5454545,1236.6,15.91,396.04,58.3,1.33,0.822653615,0
270.5208333,12,41.1649,-96.4701,100,601.5151515,1191,17.9,394.8,48.3,1.71,0.821325906,0
270.5625,13,41.1649,-96.4701,100,643.989899,1275.1,18.07,398.14,43.2,1.61,0.819998194,0
270.6041667,14,41.1649,-96.4701,100,673.7373737,1334,18.31,395.01,40.7,1.66,0.818670481,0
270.6458333,15,41.1649,-96.4701,100,457.020202,904.9,17.87,391.88,40.5,1.86,0.817342772,0
270.6875,16,41.1649,-96.4701,100,285.7070707,565.7,17.68,392.46,42.2,1.61,0.816015059,0
271.3125,7,41.1649,-96.4701,100,195.8585859,387.8,11.28,490.97,96.1,0.97,0.796099387,0
271.3541667,8,41.1649,-96.4701,100,376.2626263,745,12.5,458.04,82.7,0.71,0.794771675,0
271.3958333,9,41.1649,-96.4701,100,485.2020202,960.7,14.05,428.22,63.1,0.88,0.793443965,0
271.4375,10,41.1649,-96.4701,100,681.1616162,1348.7,15.71,405.84,49.1,0.77,0.792116253,0
271.4791667,11,41.1649,-96.4701,100,737.979798,1461.2,17.33,394.73,39.7,1.65,0.79078854,0
271.5208333,12,41.1649,-96.4701,100,697.0707071,1380.2,19.59,394.98,39.1,1.69,0.789460831,0
271.5625,13,41.1649,-96.4701,100,775.2020202,1534.9,19.12,392.46,33.7,1.49,0.788133118,0
271.6041667,14,41.1649,-96.4701,100,658.4343434,1303.7,19.11,392.82,32.8,1.82,0.786805406,0
271.6458333,15,41.1649,-96.4701,100,451.5151515,894,18.77,391.17,31.9,1.81,0.785477696,0
271.6875,16,41.1649,-96.4701,100,252.020202,499,18.53,391.29,33.1,0.99,0.784149984,0
272.3125,7,41.1649,-96.4701,100,182.5757576,361.5,11.9,511.69,92.1,0.95,0.764234312,0
272.3541667,8,41.1649,-96.4701,100,366.8686869,726.4,13.1,446.94,75.3,0.85,0.762906599,0
272.3958333,9,41.1649,-96.4701,100,474.5959596,939.7,14.5,438.17,61.6,1.62,0.76157889,0
272.4375,10,41.1649,-96.4701,100,669.3434343,1325.3,16.02,433.1,55.7,1.09,0.760251177,0
272.4791667,11,41.1649,-96.4701,100,633.0808081,1253.5,17.6,420.08,48.1,0.87,0.758923465,0
272.5208333,12,41.1649,-96.4701,100,685.2525253,1356.8,19.79,410.5,41.2,1.11,0.757595756,0
272.5625,13,41.1649,-96.4701,100,763.5858586,1511.9,19.66,401.09,34.9,1.33,0.756268043,0
272.6041667,14,41.1649,-96.4701,100,644.5454545,1276.2,19.77,400.71,32.9,1.52,0.75494033,0
272.6458333,15,41.1649,-96.4701,100,432.9292929,857.2,19.41,399.5,32.7,1.37,0.753612621,0
272.6875,16,41.1649,-96.4701,100,232.1717172,459.7,18.94,397.27,34.1,1.59,0.752284909,0
273.3125,7,41.1649,-96.4701,100,81.26262626,160.9,14.51,408.28,69.1,2.65,0.732369237,0
273.3541667,8,41.1649,-96.4701,100,107.3232323,212.5,14.8,405.15,62.3,3.88,0.731041524,0
273.3958333,9,41.1649,-96.4701,100,192.4747475,381.1,15.44,404.2,58.2,3.57,0.729713815,0
273.4375,10,41.1649,-96.4701,100,545.7070707,1080.5,16.68,403.68,51.8,4.04,0.728386102,0
273.4791667,11,41.1649,-96.4701,100,506.4141414,1002.7,17.93,400.74,46.3,4.45,0.72705839,0
273.5208333,12,41.1649,-96.4701,100,296.3131313,586.7,18.35,397.9,44.5,4.43,0.72573068,0
273.5625,13,41.1649,-96.4701,100,409.1919192,810.2,18.55,396.25,42.9,3.85,0.724402968,0
273.6041667,14,41.1649,-96.4701,100,205.2525253,406.4,18.84,393.61,39.8,4.39,0.723075255,0
273.6458333,15,41.1649,-96.4701,100,177.6262626,351.7,18.65,394.48,40.2,3.93,0.721747546,0
273.6875,16,41.1649,-96.4701,100,132.2222222,261.8,18.49,395.62,40.2,3.65,0.720419833,0
274.3125,7,41.1649,-96.4701,100,14.19191919,28.1,14.86,412.37,93.9,2.09,0.703985769,0
274.3541667,8,41.1649,-96.4701,100,27.47474747,54.4,14.84,409.83,94.9,3.37,0.703122271,0
274.3958333,9,41.1649,-96.4701,100,289.8989899,574,15.45,406.83,85.2,4.58,0.702258776,0
274.4375,10,41.1649,-96.4701,100,636.4646465,1260.2,16.82,401.85,62.3,6.09,0.701395278,0
274.4791667,11,41.1649,-96.4701,100,554.7979798,1098.5,18.13,397.66,51.8,6.72,0.70053178,0
274.5208333,12,41.1649,-96.4701,100,570.2525253,1129.1,19.75,394.95,46.8,6.3,0.699668285,0
274.5625,13,41.1649,-96.4701,100,700.9090909,1387.8,20.19,393.3,44.4,6.64,0.698804787,0
274.6041667,14,41.1649,-96.4701,100,289.5454545,573.3,19.97,394.19,47.2,6.21,0.697941289,0
274.6458333,15,41.1649,-96.4701,100,218.7878788,433.2,19.49,394.16,48.7,6.01,0.697077793,0
274.6875,16,41.1649,-96.4701,100,137.2222222,271.7,19.4,394.77,49.2,5.24,0.696214296,0
275.3125,7,41.1649,-96.4701,100,62.47474747,123.7,16.37,401.48,83.1,3.02,0.683261839,0
275.3541667,8,41.1649,-96.4701,100,95.55555556,189.2,16.86,401.73,80.7,3.08,0.682398342,0
275.3958333,9,41.1649,-96.4701,100,130.959596,259.3,17.31,401.09,77.4,3.58,0.681534846,0
275.4375,10,41.1649,-96.4701,100,122.7272727,243,17.82,399.64,72.8,3.5,0.680671348,0
275.4791667,11,41.1649,-96.4701,100,154.5454545,306,18.21,399.16,70.5,2.61,0.67980785,0
275.5208333,12,41.1649,-96.4701,100,252.979798,500.9,19.14,396.85,65.8,1.9,0.678944355,0
275.5625,13,41.1649,-96.4701,100,275.6565657,545.8,20.3,394.76,59.5,2.75,0.678080857,0
275.6041667,14,41.1649,-96.4701,100,349.040404,691.1,20.86,392.06,55.4,4.54,0.677217359,0
275.6458333,15,41.1649,-96.4701,100,66.16161616,131,20.9,395.25,63.7,2.7,0.676353863,0
275.6875,16,41.1649,-96.4701,100,11.16161616,22.1,20.46,402,68.5,2.05,0.675490366,0
276.3125,7,41.1649,-96.4701,100,3.888888889,7.7,19.13,408.83,95,1.88,0.662537909,0
276.3541667,8,41.1649,-96.4701,100,33.03030303,65.4,18.38,418.88,95.5,3.27,0.661674412,0
276.3958333,9,41.1649,-96.4701,100,29.39393939,58.2,17.88,416.26,96.7,2.14,0.660810916,0
276.4375,10,41.1649,-96.4701,100,70.35353535,139.3,17.51,409.38,97.2,3.81,0.659947418,0
276.4791667,11,41.1649,-96.4701,100,108.4848485,214.8,17,405.69,93.9,4.06,0.65908392,0
276.5208333,12,41.1649,-96.4701,100,119.3434343,236.3,16.73,404,89.3,3.31,0.658220425,0
276.5625,13,41.1649,-96.4701,100,192.2727273,380.7,17.01,400.39,82.6,2.73,0.657356927,0
276.6041667,14,41.1649,-96.4701,100,185.3535354,367,17.53,396.47,73.8,2.67,0.656493429,0
276.6458333,15,41.1649,-96.4701,100,118.6868687,235,17.6,394.97,69.6,2.19,0.655629933,0
276.6875,16,41.1649,-96.4701,100,77.82828283,154.1,17.68,395.68,67.3,1.82,0.654766436,0
277.3125,7,41.1649,-96.4701,100,51.66666667,102.3,13.4,415.04,83,2.17,0.641813979,0
277.3541667,8,41.1649,-96.4701,100,160,316.8,13.88,409.83,75.1,2.25,0.640950482,0
277.3958333,9,41.1649,-96.4701,100,162.3232323,321.4,14.36,407.21,70.3,2.05,0.640086986,0
277.4375,10,41.1649,-96.4701,100,243.3333333,481.8,14.61,405.05,66.2,2.1,0.639223488,0
277.4791667,11,41.1649,-96.4701,100,462.6262626,916,15.6,404.24,58.7,2.32,0.63835999,0
277.5208333,12,41.1649,-96.4701,100,551.969697,1092.9,16.81,401.06,50.9,2.33,0.637496495,0
277.5625,13,41.1649,-96.4701,100,479.6464646,949.7,17.01,401.11,51.2,2.02,0.636632997,0
277.6041667,14,41.1649,-96.4701,100,611.5151515,1210.8,17.36,397.87,45.6,2.19,0.635769499,0
277.6458333,15,41.1649,-96.4701,100,403.1313131,798.2,17.11,395.15,41.5,2.86,0.634906004,0
277.6875,16,41.1649,-96.4701,100,243.2323232,481.6,16.53,400.81,39.5,3.03,0.634042506,0
278.3125,7,41.1649,-96.4701,100,1.616161616,3.2,15.1,417.77,100,1.66,0.619103075,0
278.3541667,8,41.1649,-96.4701,100,21.16161616,41.9,15.07,418.03,100,1.67,0.617974647,0
278.3958333,9,41.1649,-96.4701,100,40.75757576,80.7,15.36,419.52,100,1.7,0.616846222,0
278.4375,10,41.1649,-96.4701,100,108.4343434,214.7,15.58,421.36,100,0.88,0.615717794,0
278.4791667,11,41.1649,-96.4701,100,133.8888889,265.1,16.22,421.49,100,1.4,0.614589366,0
278.5208333,12,41.1649,-96.4701,100,81.91919192,162.2,16.53,424.9,100,1.34,0.613460941,0
278.5625,13,41.1649,-96.4701,100,124.3939394,246.3,16.99,425.13,100,0.97,0.612332513,0
278.6041667,14,41.1649,-96.4701,100,97.72727273,193.5,17.25,425.95,100,0.89,0.611204085,0
278.6458333,15,41.1649,-96.4701,100,92.62626263,183.4,17.43,426.3,99.9,1.1,0.61007566,0
278.6875,16,41.1649,-96.4701,100,61.56565657,121.9,17.46,425.52,99.9,0.89,0.608947232,0
279.3125,7,41.1649,-96.4701,100,29.7979798,59,16.79,458.35,100,1.18,0.592020827,0
279.3541667,8,41.1649,-96.4701,100,91.41414141,181,17.32,459.48,99.9,2.23,0.590892399,0
279.3958333,9,41.1649,-96.4701,100,147.0707071,291.2,17.97,457.93,99.9,2.5,0.589763974,0
279.4375,10,41.1649,-96.4701,100,90.65656566,179.5,18.42,451.22,99.9,1.95,0.588635546,0
279.4791667,11,41.1649,-96.4701,100,29.24242424,57.9,17.94,435.7,100,2.2,0.587507118,0
279.5208333,12,41.1649,-96.4701,100,39.04040404,77.3,16.75,423.14,100,3.68,0.586378693,0
279.5625,13,41.1649,-96.4701,100,54.19191919,107.3,16.38,420.63,100,3.39,0.585250265,0
279.6041667,14,41.1649,-96.4701,100,42.67676768,84.5,16.09,420.75,100,2.14,0.584121837,0
279.6458333,15,41.1649,-96.4701,100,35,69.3,16.23,424.22,100,1.4,0.582993412,0
279.6875,16,41.1649,-96.4701,100,18.93939394,37.5,16.34,426.7,100,1.59,0.581864984,0
280.3125,7,41.1649,-96.4701,100,39.6969697,78.6,13.98,401.58,98.7,2.83,0.564938579,0
280.3541667,8,41.1649,-96.4701,100,29.19191919,57.8,13.61,399.75,96.6,3.31,0.563810152,0
280.3958333,9,41.1649,-96.4701,100,115.3030303,228.3,13.67,402.14,96.2,2.88,0.562681726,0
280.4375,10,41.1649,-96.4701,100,244.3434343,483.8,14.43,402.62,90.1,3.94,0.561553298,0
280.4791667,11,41.1649,-96.4701,100,596.6666667,1181.4,15.35,398.87,76.3,4.07,0.560424871,0
280.5208333,12,41.1649,-96.4701,100,640.5050505,1268.2,16.94,396,57.4,3.45,0.559296445,0
280.5625,13,41.1649,-96.4701,100,698.3838384,1382.8,17.08,393.94,48.2,4.42,0.558168017,0
280.6041667,14,41.1649,-96.4701,100,588.7373737,1165.7,17.4,393.11,46.9,4.62,0.55703959,0
280.6458333,15,41.1649,-96.4701,100,406.969697,805.8,17.43,392.44,45.1,4.24,0.555911164,0
280.6875,16,41.1649,-96.4701,100,230.5050505,456.4,17.04,393.7,46.6,3.58,0.554782737,0
281.3125,7,41.1649,-96.4701,100,143.2323232,283.6,11.91,425.83,85,1.18,0.537856332,0
281.3541667,8,41.1649,-96.4701,100,330.2525253,653.9,12.73,417.06,71.2,2.28,0.536727904,0
281.3958333,9,41.1649,-96.4701,100,443.030303,877.2,13.92,413.57,57.9,2.58,0.535599479,0
281.4375,10,41.1649,-96.4701,100,622.4747475,1232.5,15.35,410.48,49,1.95,0.534471051,0
281.4791667,11,41.1649,-96.4701,100,673.989899,1334.5,16.64,410.22,45.6,1.65,0.533342623,0
281.5208333,12,41.1649,-96.4701,100,640.7575758,1268.7,18.3,409.26,42,1.72,0.532214198,0
281.5625,13,41.1649,-96.4701,100,700.0505051,1386.1,18.4,407.12,39.7,1.93,0.53108577,0
281.6041667,14,41.1649,-96.4701,100,588.5858586,1165.4,18.46,405.56,38.9,1.65,0.529957342,0
281.6458333,15,41.1649,-96.4701,100,407.1717172,806.2,18.44,404.51,39.1,1.27,0.528828917,0
281.6875,16,41.1649,-96.4701,100,223.4848485,442.5,17.95,403.47,41.9,1.77,0.527700489,0
282.3125,7,41.1649,-96.4701,100,33.08080808,65.5,11.01,398.85,61.1,4.54,0.511846018,0
282.3541667,8,41.1649,-96.4701,100,78.63636364,155.7,11.31,397.82,57.6,4.66,0.510860514,0
282.3958333,9,41.1649,-96.4701,100,79.34343434,157.1,11.44,398.11,57.4,4.63,0.509875013,0
282.4375,10,41.1649,-96.4701,100,132.020202,261.4,11.74,397.55,54.5,5.03,0.50888951,0
282.4791667,11,41.1649,-96.4701,100,116.9191919,231.5,11.72,398.1,52.2,5.25,0.507904007,0
282.5208333,12,41.1649,-96.4701,100,159.7474747,316.3,12.14,398.02,50.3,5.28,0.506918506,0
282.5625,13,41.1649,-96.4701,100,125.4545455,248.4,12.04,398.24,51.1,5.43,0.505933003,0
282.6041667,14,41.1649,-96.4701,100,145.1010101,287.3,11.9,398.98,53.7,6.48,0.504947499,0
282.6458333,15,41.1649,-96.4701,100,72.07070707,142.7,11.34,398.89,55.3,6.05,0.503961998,0
282.6875,16,41.1649,-96.4701,100,32.72727273,64.8,10.78,397.47,50.5,6.24,0.502976495,0
283.3125,7,41.1649,-96.4701,100,7.373737374,14.6,7.47,396.55,89.1,3.4,0.488193958,0
283.3541667,8,41.1649,-96.4701,100,31.66666667,62.7,7.36,396.29,87.8,3.64,0.487208455,0
283.3958333,9,41.1649,-96.4701,100,130.3535354,258.1,7.68,395.48,83.6,3.76,0.486222954,0
283.4375,10,41.1649,-96.4701,100,216.4141414,428.5,8.28,394.64,76.1,4.23,0.48523745,0
283.4791667,11,41.1649,-96.4701,100,230.6565657,456.7,8.83,392,66,4.26,0.484251947,0
283.5208333,12,41.1649,-96.4701,100,151.4646465,299.9,8.86,391.48,61.8,3.87,0.483266446,0
283.5625,13,41.1649,-96.4701,100,201.2626263,398.5,9.18,391.87,59.6,3.93,0.482280943,0
283.6041667,14,41.1649,-96.4701,100,204.9494949,405.8,9.59,391.22,56.8,3.45,0.48129544,0
283.6458333,15,41.1649,-96.4701,100,240.1515152,475.5,9.86,390.75,54.7,3.22,0.480309939,0
283.6875,16,41.1649,-96.4701,100,210.1010101,416,9.63,391.67,54.3,3.4,0.479324435,0
284.3125,7,41.1649,-96.4701,100,141.4141414,280,4.38,425.11,97.7,0.53,0.464541898,0
284.3541667,8,41.1649,-96.4701,100,315.4040404,624.5,5.3,424.72,85.8,0.29,0.463556395,0
284.3958333,9,41.1649,-96.4701,100,432.3737374,856.1,6.55,408.32,71.3,0.84,0.462570894,0
284.4375,10,41.1649,-96.4701,100,603.0808081,1194.1,7.92,407.17,58.8,1.69,0.461585391,0
284.4791667,11,41.1649,-96.4701,100,652.4242424,1291.8,9.34,402.93,45.8,1.54,0.460599887,0
284.5208333,12,41.1649,-96.4701,100,618.6868687,1225,11.3,400.67,39.8,1.74,0.459614387,0
284.5625,13,41.1649,-96.4701,100,675,1336.5,11.77,400.18,36.4,1.62,0.458628883,0
284.6041667,14,41.1649,-96.4701,100,566.010101,1120.7,11.97,399.36,31.4,2.4,0.45764338,0
284.6458333,15,41.1649,-96.4701,100,393.0808081,778.3,11.87,397.77,30.3,2.56,0.456657879,0
284.6875,16,41.1649,-96.4701,100,209.4949495,414.8,11.54,397.5,32.3,2.54,0.455672376,0
285.3125,7,41.1649,-96.4701,100,99.7979798,197.6,8.35,413.59,99.4,2.87,0.440889838,0
285.3541667,8,41.1649,-96.4701,100,226.6666667,448.8,9.25,410.65,94.8,3.7,0.439904335,0
285.3958333,9,41.1649,-96.4701,100,423.4848485,838.5,10.41,406.72,79,4.57,0.438918834,0
285.4375,10,41.1649,-96.4701,100,551.5656566,1092.1,11.56,403.98,67.8,4.76,0.437933331,0
285.4791667,11,41.1649,-96.4701,100,665.6060606,1317.9,13.3,402.33,61.2,4.95,0.436947828,0
285.5208333,12,41.1649,-96.4701,100,605.7575758,1199.4,14.7,401.62,58,4.68,0.435962327,0
285.5625,13,41.1649,-96.4701,100,608.2828283,1204.4,14.91,400.55,57.1,4.35,0.434976824,0
285.6041667,14,41.1649,-96.4701,100,415.5555556,822.8,15.12,399.3,56.7,4.33,0.43399132,0
285.6458333,15,41.1649,-96.4701,100,394.8989899,781.9,15.22,398.23,56.1,4.2,0.433005819,0
285.6875,16,41.1649,-96.4701,100,194.040404,384.2,14.79,398.5,58.1,3.69,0.432020316,0
286.3125,7,41.1649,-96.4701,100,9.545454545,18.9,11.78,420.13,86.1,2.66,0.420865646,0
286.3541667,8,41.1649,-96.4701,100,34.14141414,67.6,11.81,419.95,87.2,3.57,0.420363858,0
286.3958333,9,41.1649,-96.4701,100,139.8989899,277,12.18,419.33,83.9,3.71,0.419862072,0
286.4375,10,41.1649,-96.4701,100,67.32323232,133.3,12.21,416.92,83,3.22,0.419360285,0
286.4791667,11,41.1649,-96.4701,100,70.70707071,140,12.19,413.37,82,3.11,0.418858497,0
286.5208333,12,41.1649,-96.4701,100,150.2020202,297.4,12.47,411.57,83.9,1.84,0.418356711,0
286.5625,13,41.1649,-96.4701,100,260.7575758,516.3,13.4,409.09,73.3,2.4,0.417854924,0
286.6041667,14,41.1649,-96.4701,100,126.010101,249.5,13.65,407.81,70.5,2.85,0.417353137,0
286.6458333,15,41.1649,-96.4701,100,61.51515152,121.8,13.47,406.43,70.1,2.95,0.416851351,0
286.6875,16,41.1649,-96.4701,100,33.78787879,66.9,13.31,406.09,73.2,2.92,0.416349563,0
287.3125,7,41.1649,-96.4701,100,3.282828283,6.5,12.3,429.74,100,0.81,0.408822759,0
287.3541667,8,41.1649,-96.4701,100,20.45454545,40.5,12.48,431.11,100,0.65,0.408320972,0
287.3958333,9,41.1649,-96.4701,100,70.1010101,138.8,12.85,429.86,100,1.71,0.407819186,0
287.4375,10,41.1649,-96.4701,100,81.56565657,161.5,13.25,429.46,100,1.93,0.407317399,0
287.4791667,11,41.1649,-96.4701,100,63.53535354,125.8,13.34,427.98,100,2.17,0.406815611,0
287.5208333,12,41.1649,-96.4701,100,56.71717172,112.3,13.46,426.9,100,1.38,0.406313825,0
287.5625,13,41.1649,-96.4701,100,46.21212121,91.5,13.55,427.89,100,1.93,0.405812038,0
287.6041667,14,41.1649,-96.4701,100,39.84848485,78.9,13.58,426.92,100,2.83,0.405310251,0
287.6458333,15,41.1649,-96.4701,100,45.05050505,89.2,13.61,425.45,99.7,2.56,0.404808464,0
287.6875,16,41.1649,-96.4701,100,12.67676768,25.1,13.62,424.83,94.9,3.61,0.404306677,0
288.3125,7,41.1649,-96.4701,100,113.1818182,224.1,7.47,402.68,85.7,2.32,0.396779873,0
288.3541667,8,41.1649,-96.4701,100,285.9090909,566.1,7.81,401.31,72.2,4.01,0.396278086,0
288.3958333,9,41.1649,-96.4701,100,408.0808081,808,8.52,400.36,61.4,3.89,0.3957763,0
288.4375,10,41.1649,-96.4701,100,572.2727273,1133.1,9.5,399.52,52.9,3.76,0.395274512,0
288.4791667,11,41.1649,-96.4701,100,621.6161616,1230.8,10.77,398.09,44.2,3.62,0.394772725,0
288.5208333,12,41.1649,-96.4701,100,586.7676768,1161.8,12.5,397.9,38.6,2.81,0.394270939,0
288.5625,13,41.1649,-96.4701,100,639.040404,1265.3,12.35,398.13,34,2.55,0.393769152,0
288.6041667,14,41.1649,-96.4701,100,532.9292929,1055.2,12.38,398.05,31.9,3.51,0.393267364,0
288.6458333,15,41.1649,-96.4701,100,366.4646465,725.6,12.05,397.58,31.7,3.71,0.392765578,0
288.6875,16,41.1649,-96.4701,100,181.5151515,359.4,11.64,397.37,33.1,3.07,0.392263791,0
