 0.71935533,0.71935533,0.543177254,0.543177254,9,9,0.81,0.81,0.5623859,0.5623859
1.198100136,1.198100136,0.438445581,0.438445581,9,9,0.81,0.81,0.477465527,0.477465527
1.598838943,1.598838943,0.370003957,0.370003957,9,9,0.81,0.81,0.460085679,0.460085679
1.896182025,1.896182025,0.278315038,0.278315038,9,9,0.81,0.81,0.457652891,0.457652891
1.801625661,1.801625661,0.251501688,0.251501688,9,9,0.81,0.81,0.470225815,0.470225815
2.184290675,2.184290675,0.262890791,0.262890791,9,9,0.81,0.81,0.483556652,0.483556652
2.178692305,2.178692305,0.280497749,0.280497749,9,9,0.81,0.81,0.487924909,0.487924909
1.993470352,1.993470352,0.309270315,0.309270315,9,9,0.81,0.81,0.511119099,0.511119099
1.843705344,1.843705344,0.323601461,0.323601461,9,9,0.81,0.81,0.552922561,0.552922561
1.328412881,1.328412881,0.393394412,0.393394412,9,9,0.81,0.81,0.594193991,0.594193991
0.720542522,0.720542522,0.539902032,0.539902032,9,9,0.81,0.81,0.614404277,0.614404277
1.138156206,1.138156206,0.433064943,0.433064943,9,9,0.81,0.81,0.523241646,0.523241646
1.515839101,1.515839101,0.364244994,0.364244994,9,9,0.81,0.81,0.504423111,0.504423111
1.782597566,1.782597566,0.274968818,0.274968818,9,9,0.81,0.81,0.483819578,0.483819578
1.985017752,1.985017752,0.239622723,0.239622723,9,9,0.81,0.81,0.477705998,0.477705998
2.063898348,2.063898348,0.262990182,0.262990182,9,9,0.81,0.81,0.484294063,0.484294063
2.129379769,2.129379769,0.274691789,0.274691789,9,9,0.81,0.81,0.500140746,0.500140746
2.139913572,2.139913572,0.303805198,0.303805198,9,9,0.81,0.81,0.527159487,0.527159487
1.924648354,1.924648354,0.3259134,0.3259134,9,9,0.81,0.81,0.56195336,0.56195336
1.470181013,1.470181013,0.404604765,0.404604765,9,9,0.81,0.81,0.600196181,0.600196181
0.71832245,0.71832245,0.535329637,0.535329637,9,9,0.81,0.81,0.592368831,0.592368831
1.208796643,1.208796643,0.431023538,0.431023538,9,9,0.81,0.81,0.521744401,0.521744401
1.622001818,1.622001818,0.365739635,0.365739635,9,9,0.81,0.81,0.501799326,0.501799326
1.878118931,1.878118931,0.275489,0.275489,9,9,0.81,0.81,0.4691972,0.4691972
2.08011042,2.08011042,0.243196729,0.243196729,9,9,0.81,0.81,0.474546241,0.474546241
2.237483264,2.237483264,0.260976588,0.260976588,9,9,0.81,0.81,0.477604473,0.477604473
2.02174784,2.02174784,0.267856048,0.267856048,9,9,0.81,0.81,0.516987971,0.516987971
1.625557657,1.625557657,0.307831853,0.307831853,9,9,0.81,0.81,0.530696673,0.530696673
1.682965129,1.682965129,0.333368572,0.333368572,9,9,0.81,0.81,0.553275057,0.553275057
1.335193575,1.335193575,0.417158273,0.417158273,9,9,0.81,0.81,0.60641638,0.60641638
0.121516639,0.121516639,0.651361443,0.651361443,9,9,0.81,0.81,0.506587676,0.506587676
0.97091722,0.97091722,0.432546874,0.432546874,9,9,0.81,0.81,0.513306777,0.513306777
1.422767015,1.422767015,0.383701421,0.383701421,9,9,0.81,0.81,0.495912565,0.495912565
1.653120538,1.653120538,0.278315038,0.278315038,9,9,0.81,0.81,0.444910372,0.444910372
1.482617627,1.482617627,0.289692988,0.289692988,9,9,0.81,0.81,0.471192406,0.471192406
0.709849722,0.709849722,0.470055466,0.470055466,9,9,0.81,0.81,0.493586137,0.493586137
0.969558981,0.969558981,0.334905265,0.334905265,9,9,0.81,0.81,0.505030862,0.505030862
1.395133291,1.395133291,0.366269976,0.366269976,9,9,0.81,0.81,0.516970565,0.516970565
1.19605945,1.19605945,0.383870671,0.383870671,9,9,0.81,0.81,0.536354422,0.536354422
1.036590278,1.036590278,0.453189654,0.453189654,9,9,0.81,0.81,0.589111492,0.589111492
0.542597187,0.542597187,0.568168313,0.568168313,9,9,0.81,0.81,0.567750501,0.567750501
1.000191937,1.000191937,0.451252343,0.451252343,9,9,0.81,0.81,0.506954815,0.506954815
1.609188525,1.609188525,0.378396164,0.378396164,9,9,0.81,0.81,0.463760675,0.463760675
1.977967045,1.977967045,0.28572354,0.28572354,9,9,0.81,0.81,0.523892203,0.523892203
2.174156379,2.174156379,0.24891655,0.24891655,9,9,0.81,0.81,0.461465294,0.461465294
2.50610119,2.50610119,0.276027556,0.276027556,9,9,0.81,0.81,0.487963069,0.487963069
2.10564759,2.10564759,0.289820771,0.289820771,9,9,0.81,0.81,0.540741058,0.540741058
2.0140213,2.0140213,0.326365429,0.326365429,9,9,0.81,0.81,0.509006469,0.509006469
1.750990815,1.750990815,0.337744503,0.337744503,9,9,0.81,0.81,0.542410664,0.542410664
1.414825986,1.414825986,0.416974347,0.416974347,9,9,0.81,0.81,0.574402196,0.574402196
0.253528686,0.253528686,0.642800686,0.642800686,9,9,0.81,0.81,0.593321312,0.593321312
0.636854065,0.636854065,0.474040471,0.474040471,9,9,0.81,0.81,0.538459153,0.538459153
1.0438024,1.0438024,0.391490677,0.391490677,9,9,0.81,0.81,0.508001213,0.508001213
1.24243991,1.24243991,0.274086761,0.274086761,9,9,0.81,0.81,1,1
1.602089103,1.602089103,0.238312944,0.238312944,9,9,0.81,0.81,1,1
3.117207225,3.117207225,0.283982808,0.283982808,9,9,0.81,0.81,1,1
2.910996204,2.910996204,0.316364712,0.316364712,9,9,0.81,0.81,1,1
2.039778021,2.039778021,0.396005342,0.396005342,9,9,0.81,0.81,1,1
3.279423979,3.279423979,0.376233026,0.376233026,9,9,0.81,0.81,1,1
2.614395193,2.614395193,0.557320067,0.557320067,9,9,0.81,0.81,1,1
0.639238025,0.639238025,0.540957491,0.540957491,9,9,0.81,0.81,0.523216051,0.523216051
0.971089813,0.971089813,0.445911143,0.445911143,9,9,0.81,0.81,0.498809756,0.498809756
1.459531902,1.459531902,0.373023232,0.373023232,9,9,0.81,0.81,0.480729206,0.480729206
1.733707173,1.733707173,0.282626348,0.282626348,9,9,0.81,0.81,0.468692163,0.468692163
1.86809647,1.86809647,0.246202828,0.246202828,9,9,0.81,0.81,0.458217874,0.458217874
1.922628547,1.922628547,0.26863342,0.26863342,9,9,0.81,0.81,0.473785125,0.473785125
2.149523983,2.149523983,0.280374077,0.280374077,9,9,0.81,0.81,0.509712518,0.509712518
1.907979624,1.907979624,0.309328773,0.309328773,9,9,0.81,0.81,0.531553954,0.531553954
1.615065618,1.615065618,0.333915077,0.333915077,9,9,0.81,0.81,0.562733238,0.562733238
1.281777362,1.281777362,0.413364885,0.413364885,9,9,0.81,0.81,0.613652673,0.613652673
0.185855075,0.185855075,0.756204393,0.756204393,9,9,0.81,0.81,0.493904632,0.493904632
0.150627319,0.150627319,0.739712577,0.739712577,9,9,0.81,0.81,0.488808676,0.488808676
0.464651964,0.464651964,0.611630108,0.611630108,9,9,0.81,0.81,0.484842149,0.484842149
0.920912866,0.920912866,0.338554032,0.338554032,9,9,0.81,0.81,0.463723094,0.463723094
1.612188093,1.612188093,0.254931454,0.254931454,9,9,0.81,0.81,0.437380271,0.437380271
1.021346883,1.021346883,0.372670891,0.372670891,9,9,0.81,0.81,0.472327598,0.472327598
0.384750559,0.384750559,0.43899837,0.43899837,9,9,0.81,0.81,0.505238982,0.505238982
0.276332737,0.276332737,0.465957161,0.465957161,9,9,0.81,0.81,0.510074012,0.510074012
0.577714936,0.577714936,0.544136264,0.544136264,9,9,0.81,0.81,0.522927191,0.522927191
0.256551036,0.256551036,0.627911166,0.627911166,9,9,0.81,0.81,0.519506807,0.519506807
0.533207272,0.533207272,0.577879114,0.577879114,9,9,0.81,0.81,0.535658698,0.535658698
0.90009108,0.90009108,0.465693038,0.465693038,9,9,0.81,0.81,0.477009164,0.477009164
1.195845358,1.195845358,0.388836016,0.388836016,9,9,0.81,0.81,0.463848764,0.463848764
1.418538055,1.418538055,0.293107578,0.293107578,9,9,0.81,0.81,0.454540214,0.454540214
1.633918914,1.633918914,0.257206098,0.257206098,9,9,0.81,0.81,0.451325194,0.451325194
1.680417535,1.680417535,0.278297504,0.278297504,9,9,0.81,0.81,0.460520399,0.460520399
1.840173852,1.840173852,0.288909272,0.288909272,9,9,0.81,0.81,0.491945065,0.491945065
1.748510469,1.748510469,0.321934047,0.321934047,9,9,0.81,0.81,0.496602299,0.496602299
1.493946748,1.493946748,0.353150284,0.353150284,9,9,0.81,0.81,0.53947764,0.53947764
1.207557231,1.207557231,0.439828862,0.439828862,9,9,0.81,0.81,0.592415827,0.592415827
0.475740582,0.475740582,0.586646076,0.586646076,9,9,0.81,0.81,0.524345488,0.524345488
0.934022392,0.934022392,0.464608772,0.464608772,9,9,0.81,0.81,0.485590794,0.485590794
1.207460931,1.207460931,0.390628391,0.390628391,9,9,0.81,0.81,0.459873261,0.459873261
1.378734011,1.378734011,0.301099478,0.301099478,9,9,0.81,0.81,0.439005578,0.439005578
1.603818006,1.603818006,0.26545377,0.26545377,9,9,0.81,0.81,0.427551997,0.427551997
1.702149912,1.702149912,0.277509648,0.277509648,9,9,0.81,0.81,0.455675679,0.455675679
1.678859642,1.678859642,0.288872872,0.288872872,9,9,0.81,0.81,0.489401123,0.489401123
1.259697083,1.259697083,0.358530488,0.358530488,9,9,0.81,0.81,0.497702767,0.497702767
1.498714245,1.498714245,0.347040921,0.347040921,9,9,0.81,0.81,0.535778951,0.535778951
1.235853721,1.235853721,0.42847856,0.42847856,9,9,0.81,0.81,0.578231514,0.578231514
-9999,-9999,0.562930796,0.562930796,9,9,0.81,0.81,0.489647307,0.489647307
-9999,-9999,0.450031554,0.450031554,9,9,0.81,0.81,0.478744522,0.478744522
-9999,-9999,0.380332055,0.380332055,9,9,0.81,0.81,0.449125801,0.449125801
-9999,-9999,0.292572559,0.292572559,9,9,0.81,0.81,0.438503535,0.438503535
-9999,-9999,0.251676039,0.251676039,9,9,0.81,0.81,0.448292717,0.448292717
-9999,-9999,0.273431382,0.273431382,9,9,0.81,0.81,0.458209727,0.458209727
-9999,-9999,0.289237081,0.289237081,9,9,0.81,0.81,0.500760541,0.500760541
-9999,-9999,0.329111533,0.329111533,9,9,0.81,0.81,0.505936064,0.505936064
-9999,-9999,0.338554032,0.338554032,9,9,0.81,0.81,0.545381438,0.545381438
-9999,-9999,0.412558371,0.412558371,9,9,0.81,0.81,0.618866082,0.618866082
0.036351198,0.036351198,0.777361661,0.777361661,9,9,0.81,0.81,0.52315437,0.52315437
0.126196652,0.126196652,0.745889675,0.745889675,9,9,0.81,0.81,0.450562752,0.450562752
0.139356912,0.139356912,0.743028722,0.743028722,9,9,0.81,0.81,0.389167868,0.389167868
0.125687469,0.125687469,0.749091921,0.749091921,9,9,0.81,0.81,0.398119991,0.398119991
0.113180768,0.113180768,0.77765556,0.77765556,9,9,0.81,0.81,0.3955602,0.3955602
0.118136305,0.118136305,0.778145637,0.778145637,9,9,0.81,0.81,0.412620716,0.412620716
0.033432778,0.033432778,0.815230341,0.815230341,9,9,0.81,0.81,0.488262953,0.488262953
0.06677342,0.06677342,0.755680525,0.755680525,9,9,0.81,0.81,0.508754599,0.508754599
0.045029338,0.045029338,0.710391127,0.710391127,9,9,0.81,0.81,0.468877289,0.468877289
0.184486157,0.184486157,0.715331235,0.715331235,9,9,0.81,0.81,0.469905573,0.469905573
0.521115304,0.521115304,0.552182551,0.552182551,9,9,0.81,0.81,0.401354852,0.401354852
0.69301305,0.69301305,0.436571297,0.436571297,9,9,0.81,0.81,0.247573267,0.247573267
0.994741691,0.994741691,0.371054407,0.371054407,9,9,0.81,0.81,0.204572028,0.204572028
1.595671261,1.595671261,0.289601749,0.289601749,9,9,0.81,0.81,0.404511775,0.404511775
1.524698381,1.524698381,0.308978193,0.308978193,9,9,0.81,0.81,0.407688209,0.407688209
1.485447138,1.485447138,0.303690382,0.303690382,9,9,0.81,0.81,0.423073392,0.423073392
1.369855907,1.369855907,0.317043092,0.317043092,9,9,0.81,0.81,0.444350775,0.444350775
1.666343748,1.666343748,0.324642865,0.324642865,9,9,0.81,0.81,0.463303055,0.463303055
1.120634621,1.120634621,0.387344586,0.387344586,9,9,0.81,0.81,0.491612296,0.491612296
1.427124783,1.427124783,0.411053633,0.411053633,9,9,0.81,0.81,0.531560722,0.531560722
0.478076209,0.478076209,0.595846272,0.595846272,9,9,0.81,0.81,0.491312947,0.491312947
0.583760999,0.583760999,0.474727854,0.474727854,9,9,0.81,0.81,0.439176092,0.439176092
1.241382252,1.241382252,0.398508051,0.398508051,9,9,0.81,0.81,0.436973224,0.436973224
0.942631094,0.942631094,0.32325507,0.32325507,9,9,0.81,0.81,0.442014602,0.442014602
1.082824588,1.082824588,0.314893253,0.314893253,9,9,0.81,0.81,0.439075187,0.439075187
0.308300235,0.308300235,0.506554389,0.506554389,9,9,0.81,0.81,0.470190632,0.470190632
0.470881287,0.470881287,0.445433828,0.445433828,9,9,0.81,0.81,0.45957618,0.45957618
1.226277423,1.226277423,0.405165936,0.405165936,9,9,0.81,0.81,0.468204393,0.468204393
0.292593276,0.292593276,0.593000179,0.593000179,9,9,0.81,0.81,0.480446831,0.480446831
0.761488086,0.761488086,0.478240001,0.478240001,9,9,0.81,0.81,0.503036856,0.503036856
0.52813826,0.52813826,0.568848818,0.568848818,9,9,0.81,0.81,0.496026035,0.496026035
0.932744223,0.932744223,0.473294445,0.473294445,9,9,0.81,0.81,0.427592806,0.427592806
1.181608847,1.181608847,0.382518761,0.382518761,9,9,0.81,0.81,0.401671941,0.401671941
1.426478765,1.426478765,0.290881713,0.290881713,9,9,0.81,0.81,0.396726149,0.396726149
1.669803225,1.669803225,0.285076254,0.285076254,9,9,0.81,0.81,0.405883234,0.405883234
1.562680452,1.562680452,0.280462409,0.280462409,9,9,0.81,0.81,0.403190304,0.403190304
0.981553816,0.981553816,0.363442718,0.363442718,9,9,0.81,0.81,0.449646465,0.449646465
1.180256044,1.180256044,0.459254123,0.459254123,9,9,0.81,0.81,0.455697838,0.455697838
1.537145179,1.537145179,0.346997197,0.346997197,9,9,0.81,0.81,0.484023714,0.484023714
0.934914687,0.934914687,0.488471291,0.488471291,9,9,0.81,0.81,0.509461311,0.509461311
0.475036297,0.475036297,0.581531244,0.581531244,9,9,0.81,0.81,0.49285108,0.49285108
0.871511782,0.871511782,0.49697648,0.49697648,9,9,0.81,0.81,0.431870442,0.431870442
1.181394899,1.181394899,0.378181675,0.378181675,9,9,0.81,0.81,0.409054034,0.409054034
1.286293624,1.286293624,0.29220415,0.29220415,9,9,0.81,0.81,0.386648567,0.386648567
1.312180513,1.312180513,0.361205736,0.361205736,9,9,0.81,0.81,0.40738715,0.40738715
0.377363955,0.377363955,0.537255461,0.537255461,9,9,0.81,0.81,0.460760441,0.460760441
0.199574034,0.199574034,0.691840682,0.691840682,9,9,0.81,0.81,0.471993105,0.471993105
0.331049628,0.331049628,0.557565899,0.557565899,9,9,0.81,0.81,0.634974464,0.634974464
0.704114443,0.704114443,0.406546657,0.406546657,9,9,0.81,0.81,0.483105699,0.483105699
1.15265194,1.15265194,0.435033788,0.435033788,9,9,0.81,0.81,0.495378234,0.495378234
0.520042705,0.520042705,0.603059401,0.603059401,9,9,0.81,0.81,0.469473404,0.469473404
0.362442235,0.362442235,0.615844626,0.615844626,9,9,0.81,0.81,0.446605096,0.446605096
0.643596373,0.643596373,0.497289674,0.497289674,9,9,0.81,0.81,0.419539024,0.419539024
0.792726823,0.792726823,0.313270709,0.313270709,9,9,0.81,0.81,0.404879963,0.404879963
1.054131233,1.054131233,0.301346179,0.301346179,9,9,0.81,0.81,0.398830307,0.398830307
0.843232801,0.843232801,0.418395309,0.418395309,9,9,0.81,0.81,0.419120037,0.419120037
0.206197539,0.206197539,0.691884269,0.691884269,9,9,0.81,0.81,0.466542989,0.466542989
0.182954976,0.182954976,0.640698316,0.640698316,9,9,0.81,0.81,0.459716035,0.459716035
0.193082014,0.193082014,0.641102083,0.641102083,9,9,0.81,0.81,0.479909385,0.479909385
0.586067079,0.586067079,0.496256882,0.496256882,9,9,0.81,0.81,0.5226196,0.5226196
0.48666517,0.48666517,0.574648012,0.574648012,9,9,0.81,0.81,0.490816524,0.490816524
0.854748865,0.854748865,0.45850248,0.45850248,9,9,0.81,0.81,0.427720259,0.427720259
1.14035851,1.14035851,0.386102045,0.386102045,9,9,0.81,0.81,0.406832878,0.406832878
0.572101699,0.572101699,0.42069483,0.42069483,9,9,0.81,0.81,0.47755123,0.47755123
1.042187439,1.042187439,0.290863388,0.290863388,9,9,0.81,0.81,0.405729581,0.405729581
1.486793773,1.486793773,0.281276368,0.281276368,9,9,0.81,0.81,0.411303782,0.411303782
0.843150728,0.843150728,0.381315723,0.381315723,9,9,0.81,0.81,0.457712035,0.457712035
1.138039612,1.138039612,0.395033551,0.395033551,9,9,0.81,0.81,0.467786583,0.467786583
1.413396124,1.413396124,0.353840661,0.353840661,9,9,0.81,0.81,0.478415306,0.478415306
0.892721148,0.892721148,0.457463775,0.457463775,9,9,0.81,0.81,0.537710654,0.537710654
0.264769453,0.264769453,0.635432393,0.635432393,9,9,0.81,0.81,0.473519024,0.473519024
0.658925071,0.658925071,0.503690353,0.503690353,9,9,0.81,0.81,0.441988579,0.441988579
0.817162826,0.817162826,0.435033788,0.435033788,9,9,0.81,0.81,0.418729134,0.418729134
0.892785285,0.892785285,0.361706714,0.361706714,9,9,0.81,0.81,0.41372594,0.41372594
0.991280225,0.991280225,0.298925895,0.298925895,9,9,0.81,0.81,0.4098416,0.4098416
0.987025039,0.987025039,0.321751562,0.321751562,9,9,0.81,0.81,0.424198008,0.424198008
0.718898987,0.718898987,0.38900753,0.38900753,9,9,0.81,0.81,0.474579924,0.474579924
0.588952211,0.588952211,0.433283263,0.433283263,9,9,0.81,0.81,0.471644811,0.471644811
0.546881694,0.546881694,0.569530138,0.569530138,9,9,0.81,0.81,0.476937804,0.476937804
0.223390176,0.223390176,0.573346187,0.573346187,9,9,0.81,0.81,0.424954353,0.424954353
0.200478101,0.200478101,0.66567376,0.66567376,9,9,0.81,0.81,0.380117205,0.380117205
0.324430736,0.324430736,0.662494132,0.662494132,9,9,0.81,0.81,0.292782373,0.292782373
0.41611527,0.41611527,0.580396622,0.580396622,9,9,0.81,0.81,0.279534415,0.279534415
0.76326465,0.76326465,0.375617261,0.375617261,9,9,0.81,0.81,0.374540402,0.374540402
1.973949122,1.973949122,0.323805394,0.323805394,9,9,0.81,0.81,0.37862672,0.37862672
0.980430463,0.980430463,0.456456178,0.456456178,9,9,0.81,0.81,0.430437061,0.430437061
1.292746123,1.292746123,0.3502036,0.3502036,9,9,0.81,0.81,0.383370042,0.383370042
1.501347857,1.501347857,0.36793515,0.36793515,9,9,0.81,0.81,0.413883914,0.413883914
1.442740194,1.442740194,0.38107557,0.38107557,9,9,0.81,0.81,0.44760648,0.44760648
1.025986957,1.025986957,0.50748071,0.50748071,9,9,0.81,0.81,0.449575215,0.449575215
0.577759639,0.577759639,0.558515126,0.558515126,9,9,0.81,0.81,0.488877514,0.488877514
0.976769778,0.976769778,0.446192155,0.446192155,9,9,0.81,0.81,0.384485312,0.384485312
1.346723681,1.346723681,0.377872071,0.377872071,9,9,0.81,0.81,0.356836696,0.356836696
1.646412042,1.646412042,0.294848511,0.294848511,9,9,0.81,0.81,0.385046638,0.385046638
1.511534429,1.511534429,0.278788854,0.278788854,9,9,0.81,0.81,0.362480256,0.362480256
1.586997225,1.586997225,0.270314123,0.270314123,9,9,0.81,0.81,0.37425057,0.37425057
1.408157249,1.408157249,0.283696697,0.283696697,9,9,0.81,0.81,0.391946259,0.391946259
1.759435427,1.759435427,0.307502341,0.307502341,9,9,0.81,0.81,0.417942331,0.417942331
1.429402951,1.429402951,0.330191471,0.330191471,9,9,0.81,0.81,0.448971443,0.448971443
1.308564438,1.308564438,0.414564554,0.414564554,9,9,0.81,0.81,0.495870643,0.495870643
0.037227178,0.037227178,0.807664461,0.807664461,9,9,0.81,0.81,0.453802108,0.453802108
0.064025541,0.064025541,0.767193231,0.767193231,9,9,0.81,0.81,0.449589584,0.449589584
0.098619676,0.098619676,0.784643678,0.784643678,9,9,0.81,0.81,0.460716503,0.460716503
0.109621435,0.109621435,0.691840682,0.691840682,9,9,0.81,0.81,0.476378556,0.476378556
0.225669417,0.225669417,0.575408775,0.575408775,9,9,0.81,0.81,0.358696568,0.358696568
0.106256566,0.106256566,0.74678304,0.74678304,9,9,0.81,0.81,0.373415922,0.373415922
0.15913086,0.15913086,0.657338891,0.657338891,9,9,0.81,0.81,0.375344716,0.375344716
0.967965254,0.967965254,0.536747995,0.536747995,9,9,0.81,0.81,0.332247636,0.332247636
0.299231444,0.299231444,0.687279259,0.687279259,9,9,0.81,0.81,0.295344739,0.295344739
0.137742091,0.137742091,0.686500326,0.686500326,9,9,0.81,0.81,0.269881142,0.269881142
0.060757712,0.060757712,0.78360628,0.78360628,9,9,0.81,0.81,0.451421292,0.451421292
0.301328422,0.301328422,0.682145993,0.682145993,9,9,0.81,0.81,0.444401374,0.444401374
0.447457668,0.447457668,0.642153069,0.642153069,9,9,0.81,0.81,0.438996858,0.438996858
0.440391685,0.440391685,0.620361704,0.620361704,9,9,0.81,0.81,0.43814646,0.43814646
0.568101952,0.568101952,0.545440487,0.545440487,9,9,0.81,0.81,0.429909751,0.429909751
0.452588765,0.452588765,0.527329558,0.527329558,9,9,0.81,0.81,0.421230697,0.421230697
0.511297109,0.511297109,0.446895462,0.446895462,9,9,0.81,0.81,0.423928327,0.423928327
0.812773982,0.812773982,0.51977639,0.51977639,9,9,0.81,0.81,0.424360737,0.424360737
0.165119625,0.165119625,0.731648129,0.731648129,9,9,0.81,0.81,0.453635896,0.453635896
0.629420119,0.629420119,0.581897724,0.581897724,9,9,0.81,0.81,0.465827014,0.465827014
0.419643743,0.419643743,0.62909904,0.62909904,9,9,0.81,0.81,0.524116516,0.524116516
0.738324878,0.738324878,0.474668042,0.474668042,9,9,0.81,0.81,0.403209527,0.403209527
1.227392545,1.227392545,0.39299807,0.39299807,9,9,0.81,0.81,0.378052148,0.378052148
1.425591945,1.425591945,0.329235961,0.329235961,9,9,0.81,0.81,0.384746309,0.384746309
1.105197213,1.105197213,0.32482699,0.32482699,9,9,0.81,0.81,0.398154877,0.398154877
1.156215263,1.156215263,0.300493073,0.300493073,9,9,0.81,0.81,0.395992116,0.395992116
0.847650209,0.847650209,0.375309756,0.375309756,9,9,0.81,0.81,0.430803418,0.430803418
1.575748176,1.575748176,0.332048054,0.332048054,9,9,0.81,0.81,0.444432343,0.444432343
1.36262843,1.36262843,0.349212179,0.349212179,9,9,0.81,0.81,0.459145048,0.459145048
1.245813369,1.245813369,0.461807298,0.461807298,9,9,0.81,0.81,0.49862445,0.49862445
0.464005576,0.464005576,0.581311467,0.581311467,9,9,0.81,0.81,0.492509117,0.492509117
0.854762438,0.854762438,0.462185673,0.462185673,9,9,0.81,0.81,0.40976071,0.40976071
1.184068882,1.184068882,0.38993993,0.38993993,9,9,0.81,0.81,0.392814505,0.392814505
1.445270846,1.445270846,0.307696129,0.307696129,9,9,0.81,0.81,0.389480715,0.389480715
1.621656996,1.621656996,0.278297504,0.278297504,9,9,0.81,0.81,0.391552504,0.391552504
1.291835762,1.291835762,0.363786334,0.363786334,9,9,0.81,0.81,0.418934839,0.418934839
1.018108719,1.018108719,0.388468739,0.388468739,9,9,0.81,0.81,0.414291722,0.414291722
1.370119895,1.370119895,0.328987153,0.328987153,9,9,0.81,0.81,0.430115688,0.430115688
1.321583636,1.321583636,0.45111022,0.45111022,9,9,0.81,0.81,0.444253355,0.444253355
1.121854891,1.121854891,0.448107743,0.448107743,9,9,0.81,0.81,0.469042744,0.469042744
0.231506454,0.231506454,0.682360903,0.682360903,9,9,0.81,0.81,0.420542524,0.420542524
0.370311165,0.370311165,0.618995313,0.618995313,9,9,0.81,0.81,0.398187199,0.398187199
0.524323027,0.524323027,0.531632627,0.531632627,9,9,0.81,0.81,0.400047175,0.400047175
0.444215584,0.444215584,0.480838137,0.480838137,9,9,0.81,0.81,0.39240252,0.39240252
0.878508244,0.878508244,0.389056548,0.389056548,9,9,0.81,0.81,0.399241393,0.399241393
0.457507216,0.457507216,0.502201132,0.502201132,9,9,0.81,0.81,0.408595558,0.408595558
0.671273866,0.671273866,0.413521166,0.413521166,9,9,0.81,0.81,0.377348137,0.377348137
0.668091382,0.668091382,0.501410788,0.501410788,9,9,0.81,0.81,0.408617804,0.408617804
0.454042592,0.454042592,0.520005662,0.520005662,9,9,0.81,0.81,0.418948609,0.418948609
0.489963246,0.489963246,0.598970112,0.598970112,9,9,0.81,0.81,0.452614214,0.452614214
0.279699193,0.279699193,0.649026599,0.649026599,9,9,0.81,0.81,0.464958183,0.464958183
0.52080717,0.52080717,0.649722079,0.649722079,9,9,0.81,0.81,0.413810107,0.413810107
0.393839647,0.393839647,0.474997101,0.474997101,9,9,0.81,0.81,0.397716868,0.397716868
0.901532252,0.901532252,0.398282161,0.398282161,9,9,0.81,0.81,0.391251934,0.391251934
1.219680092,1.219680092,0.283911253,0.283911253,9,9,0.81,0.81,0.383923991,0.383923991
1.228908511,1.228908511,0.336321888,0.336321888,9,9,0.81,0.81,0.398854104,0.398854104
0.394472545,0.394472545,0.545818608,0.545818608,9,9,0.81,0.81,0.447796725,0.447796725
0.507224703,0.507224703,0.596184213,0.596184213,9,9,0.81,0.81,0.443343031,0.443343031
0.233363724,0.233363724,0.707800094,0.707800094,9,9,0.81,0.81,0.437454851,0.437454851
0.222722382,0.222722382,0.671655594,0.671655594,9,9,0.81,0.81,0.467799836,0.467799836
0.421780222,0.421780222,0.580213826,0.580213826,9,9,0.81,0.81,0.426602927,0.426602927
0.777994089,0.777994089,0.461574606,0.461574606,9,9,0.81,0.81,0.333741526,0.333741526
0.806631207,0.806631207,0.387442209,0.387442209,9,9,0.81,0.81,0.376262878,0.376262878
1.491489589,1.491489589,0.320658823,0.320658823,9,9,0.81,0.81,0.366083839,0.366083839
1.869354891,1.869354891,0.323887004,0.323887004,9,9,0.81,0.81,0.355389599,0.355389599
1.582070335,1.582070335,0.283571615,0.283571615,9,9,0.81,0.81,0.372132574,0.372132574
1.781786703,1.781786703,0.315091698,0.315091698,9,9,0.81,0.81,0.427859362,0.427859362
1.652529511,1.652529511,0.294254695,0.294254695,9,9,0.81,0.81,0.432607187,0.432607187
1.509269166,1.509269166,0.347390915,0.347390915,9,9,0.81,0.81,0.450132103,0.450132103
-9999,-9999,0.442385512,0.442385512,9,9,0.81,0.81,0.503894527,0.503894527
-9999,-9999,0.595170965,0.595170965,9,9,0.81,0.81,0.47863299,0.47863299
-9999,-9999,0.478873131,0.478873131,9,9,0.81,0.81,0.395479967,0.395479967
-9999,-9999,0.403408502,0.403408502,9,9,0.81,0.81,0.37048971,0.37048971
-9999,-9999,0.315528718,0.315528718,9,9,0.81,0.81,0.357320978,0.357320978
-9999,-9999,0.272468415,0.272468415,9,9,0.81,0.81,0.371717043,0.371717043
-9999,-9999,0.299057751,0.299057751,9,9,0.81,0.81,0.384859182,0.384859182
-9999,-9999,0.31985178,0.31985178,9,9,0.81,0.81,0.401260492,0.401260492
-9999,-9999,0.328469406,0.328469406,9,9,0.81,0.81,0.42487746,0.42487746
-9999,-9999,0.374813549,0.374813549,9,9,0.81,0.81,0.440786762,0.440786762
-9999,-9999,0.459775212,0.459775212,9,9,0.81,0.81,0.491561279,0.491561279
-9999,-9999,0.780010749,0.780010749,9,9,0.81,0.81,0.46171379,0.46171379
-9999,-9999,0.740598543,0.740598543,9,9,0.81,0.81,0.447722479,0.447722479
-9999,-9999,0.565882071,0.565882071,9,9,0.81,0.81,0.437230609,0.437230609
-9999,-9999,0.355426935,0.355426935,9,9,0.81,0.81,0.40078561,0.40078561
-9999,-9999,0.292130524,0.292130524,9,9,0.81,0.81,0.348988263,0.348988263
-9999,-9999,0.317903126,0.317903126,9,9,0.81,0.81,0.384760327,0.384760327
-9999,-9999,0.373964436,0.373964436,9,9,0.81,0.81,0.403252359,0.403252359
-9999,-9999,0.324397528,0.324397528,9,9,0.81,0.81,0.389408309,0.389408309
-9999,-9999,0.501948086,0.501948086,9,9,0.81,0.81,0.439297236,0.439297236
-9999,-9999,0.690360345,0.690360345,9,9,0.81,0.81,0.431422283,0.431422283
0.332451468,0.332451468,0.648495264,0.648495264,9,9,0.81,0.81,0.454015245,0.454015245
0.589081989,0.589081989,0.576388378,0.576388378,9,9,0.81,0.81,0.40212264,0.40212264
0.597747661,0.597747661,0.43963494,0.43963494,9,9,0.81,0.81,0.3922747,0.3922747
1.271306609,1.271306609,0.331274952,0.331274952,9,9,0.81,0.81,0.386357989,0.386357989
1.381326775,1.381326775,0.273293607,0.273293607,9,9,0.81,0.81,0.389545908,0.389545908
1.39047897,1.39047897,0.301080509,0.301080509,9,9,0.81,0.81,0.397545066,0.397545066
1.494440948,1.494440948,0.320194525,0.320194525,9,9,0.81,0.81,0.432731459,0.432731459
1.373215285,1.373215285,0.311381765,0.311381765,9,9,0.81,0.81,0.434853147,0.434853147
1.241106101,1.241106101,0.370727281,0.370727281,9,9,0.81,0.81,0.471059904,0.471059904
0.973451968,0.973451968,0.467839693,0.467839693,9,9,0.81,0.81,0.52488028,0.52488028
0.036468743,0.036468743,0.801480547,0.801480547,9,9,0.81,0.81,0.438720859,0.438720859
0.154409236,0.154409236,0.734974424,0.734974424,9,9,0.81,0.81,0.439672816,0.439672816
0.391604616,0.391604616,0.58653521,0.58653521,9,9,0.81,0.81,0.44507697,0.44507697
0.906243733,0.906243733,0.409735038,0.409735038,9,9,0.81,0.81,0.418892126,0.418892126
0.609865562,0.609865562,0.445041128,0.445041128,9,9,0.81,0.81,0.409619862,0.409619862
1.69858868,1.69858868,0.314873415,0.314873415,9,9,0.81,0.81,0.442200147,0.442200147
1.37468266,1.37468266,0.299472532,0.299472532,9,9,0.81,0.81,0.418913268,0.418913268
1.599543579,1.599543579,0.303766921,0.303766921,9,9,0.81,0.81,0.441321591,0.441321591
1.309602304,1.309602304,0.347982329,0.347982329,9,9,0.81,0.81,0.469110371,0.469110371
0.518106498,0.518106498,0.511009766,0.511009766,9,9,0.81,0.81,0.494063144,0.494063144
0.008789437,0.008789437,0.823022633,0.823022633,9,9,0.81,0.81,0.368045227,0.368045227
0.087256827,0.087256827,0.765262338,0.765262338,9,9,0.81,0.81,0.452253692,0.452253692
0.301087399,0.301087399,0.634192604,0.634192604,9,9,0.81,0.81,0.424784883,0.424784883
0.290520766,0.290520766,0.600557086,0.600557086,9,9,0.81,0.81,0.475267459,0.475267459
1.166010737,1.166010737,0.275211447,0.275211447,9,9,0.81,0.81,0.346905832,0.346905832
1.341017073,1.341017073,0.334926365,0.334926365,9,9,0.81,0.81,0.176134208,0.176134208
1.728591744,1.728591744,0.358711233,0.358711233,9,9,0.81,0.81,0.206896445,0.206896445
1.76725659,1.76725659,0.328676407,0.328676407,9,9,0.81,0.81,0.409931425,0.409931425
1.022508864,1.022508864,0.374978879,0.374978879,9,9,0.81,0.81,0.415082549,0.415082549
1.311909314,1.311909314,0.457636729,0.457636729,9,9,0.81,0.81,0.495349175,0.495349175
0.486297768,0.486297768,0.59091176,0.59091176,9,9,0.81,0.81,0.523093997,0.523093997
0.982676412,0.982676412,0.469581889,0.469581889,9,9,0.81,0.81,0.394035376,0.394035376
1.352501012,1.352501012,0.400799259,0.400799259,9,9,0.81,0.81,0.378554888,0.378554888
1.646976883,1.646976883,0.312561016,0.312561016,9,9,0.81,0.81,0.372345375,0.372345375
1.907052638,1.907052638,0.272296814,0.272296814,9,9,0.81,0.81,0.385549322,0.385549322
2.032562054,2.032562054,0.292277794,0.292277794,9,9,0.81,0.81,0.399518134,0.399518134
2.03389434,2.03389434,0.292020119,0.292020119,9,9,0.81,0.81,0.408422162,0.408422162
1.787368433,1.787368433,0.305879337,0.305879337,9,9,0.81,0.81,0.428549068,0.428549068
1.493776915,1.493776915,0.372952737,0.372952737,9,9,0.81,0.81,0.444833029,0.444833029
1.124521369,1.124521369,0.468105033,0.468105033,9,9,0.81,0.81,0.504602729,0.504602729
0.453035139,0.453035139,0.60082199,0.60082199,9,9,0.81,0.81,0.50412145,0.50412145
0.892776455,0.892776455,0.476075617,0.476075617,9,9,0.81,0.81,0.391191571,0.391191571
1.274832148,1.274832148,0.403027461,0.403027461,9,9,0.81,0.81,0.385530593,0.385530593
1.454462777,1.454462777,0.316963207,0.316963207,9,9,0.81,0.81,0.38282829,0.38282829
1.470421755,1.470421755,0.280109249,0.280109249,9,9,0.81,0.81,0.387518379,0.387518379
1.498087726,1.498087726,0.301802159,0.301802159,9,9,0.81,0.81,0.413978055,0.413978055
1.577230965,1.577230965,0.294848511,0.294848511,9,9,0.81,0.81,0.432292451,0.432292451
1.525551648,1.525551648,0.308744694,0.308744694,9,9,0.81,0.81,0.436992157,0.436992157
1.213879277,1.213879277,0.375853974,0.375853974,9,9,0.81,0.81,0.459234706,0.459234706
1.040992995,1.040992995,0.466897478,0.466897478,9,9,0.81,0.81,0.508897917,0.508897917
0.360936048,0.360936048,0.621222121,0.621222121,9,9,0.81,0.81,0.504167525,0.504167525
0.744034207,0.744034207,0.495351049,0.495351049,9,9,0.81,0.81,0.393595064,0.393595064
1.098761314,1.098761314,0.414433986,0.414433986,9,9,0.81,0.81,0.381133962,0.381133962
1.376134885,1.376134885,0.324213646,0.324213646,9,9,0.81,0.81,0.383562016,0.383562016
1.485573749,1.485573749,0.283410875,0.283410875,9,9,0.81,0.81,0.386191681,0.386191681
1.619562535,1.619562535,0.304073273,0.304073273,9,9,0.81,0.81,0.402497493,0.402497493
1.653836733,1.653836733,0.299227364,0.299227364,9,9,0.81,0.81,0.423125618,0.423125618
1.533145441,1.533145441,0.317582841,0.317582841,9,9,0.81,0.81,0.43500203,0.43500203
1.239878411,1.239878411,0.389448915,0.389448915,9,9,0.81,0.81,0.470106753,0.470106753
1.06845154,1.06845154,0.475625938,0.475625938,9,9,0.81,0.81,0.513127373,0.513127373
-9999,-9999,0.765262338,0.765262338,9,9,0.81,0.81,0.477706313,0.477706313
-9999,-9999,0.674496644,0.674496644,9,9,0.81,0.81,0.446657053,0.446657053
0.257816899,0.257816899,0.527695124,0.527695124,9,9,0.81,0.81,0.435847765,0.435847765
0.640709163,0.640709163,0.476435666,0.476435666,9,9,0.81,0.81,0.387665145,0.387665145
1.50098187,1.50098187,0.305513419,0.305513419,9,9,0.81,0.81,0.3930821,0.3930821
1.58582503,1.58582503,0.296562415,0.296562415,9,9,0.81,0.81,0.385532095,0.385532095
1.726098213,1.726098213,0.28821845,0.28821845,9,9,0.81,0.81,0.409515333,0.409515333
1.87377817,1.87377817,0.307037749,0.307037749,9,9,0.81,0.81,0.424087447,0.424087447
1.549967971,1.549967971,0.372905748,0.372905748,9,9,0.81,0.81,0.480584249,0.480584249
1.143036745,1.143036745,0.467780749,0.467780749,9,9,0.81,0.81,0.533993939,0.533993939
0.207685858,0.207685858,0.663998374,0.663998374,9,9,0.81,0.81,0.464475309,0.464475309
0.541937251,0.541937251,0.514952519,0.514952519,9,9,0.81,0.81,0.387006466,0.387006466
-9999,-9999,0.41326073,0.41326073,9,9,0.81,0.81,1,1
-9999,-9999,0.458820332,0.458820332,9,9,0.81,0.81,1,1
-9999,-9999,0.631839686,0.631839686,9,9,0.81,0.81,1,1
-9999,-9999,0.694329548,0.694329548,9,9,0.81,0.81,1,1
-9999,-9999,0.479205105,0.479205105,9,9,0.81,0.81,1,1
-9999,-9999,0.344145214,0.344145214,9,9,0.81,0.81,1,1
-9999,-9999,0.464784427,0.464784427,9,9,0.81,0.81,1,1
-9999,-9999,0.553366594,0.553366594,9,9,0.81,0.81,1,1
0.429663368,0.429663368,0.598291265,0.598291265,9,9,0.81,0.81,0.457948017,0.457948017
0.794894131,0.794894131,0.482233627,0.482233627,9,9,0.81,0.81,0.343671867,0.343671867
0.931860336,0.931860336,0.402951296,0.402951296,9,9,0.81,0.81,0.211444399,0.211444399
1.84516088,1.84516088,0.313310183,0.313310183,9,9,0.81,0.81,0.386766406,0.386766406
1.924631779,1.924631779,0.273586461,0.273586461,9,9,0.81,0.81,0.373408201,0.373408201
1.936722424,1.936722424,0.291817819,0.291817819,9,9,0.81,0.81,0.389821295,0.389821295
2.014537537,2.014537537,0.281400438,0.281400438,9,9,0.81,0.81,0.40561807,0.40561807
1.91914335,1.91914335,0.29798576,0.29798576,9,9,0.81,0.81,0.429128264,0.429128264
1.643299096,1.643299096,0.369561327,0.369561327,9,9,0.81,0.81,0.461134877,0.461134877
1.266045411,1.266045411,0.459717284,0.459717284,9,9,0.81,0.81,0.501886884,0.501886884
0.427637993,0.427637993,0.607597527,0.607597527,9,9,0.81,0.81,0.564869803,0.564869803
0.866771126,0.866771126,0.489210419,0.489210419,9,9,0.81,0.81,0.413334714,0.413334714
1.254985361,1.254985361,0.413651446,0.413651446,9,9,0.81,0.81,0.386689247,0.386689247
1.578728924,1.578728924,0.321893486,0.321893486,9,9,0.81,0.81,0.395960348,0.395960348
1.741586262,1.741586262,0.282947028,0.282947028,9,9,0.81,0.81,0.40065735,0.40065735
1.808628679,1.808628679,0.299699019,0.299699019,9,9,0.81,0.81,0.411444967,0.411444967
1.797939856,1.797939856,0.288854673,0.288854673,9,9,0.81,0.81,0.421766885,0.421766885
1.692540612,1.692540612,0.307851247,0.307851247,9,9,0.81,0.81,0.438169382,0.438169382
1.487057665,1.487057665,0.383218262,0.383218262,9,9,0.81,0.81,0.470566926,0.470566926
1.160868274,1.160868274,0.477427206,0.477427206,9,9,0.81,0.81,0.535748032,0.535748032
0.220539609,0.220539609,0.728520453,0.728520453,9,9,0.81,0.81,0.501432895,0.501432895
0.232791142,0.232791142,0.612787182,0.612787182,9,9,0.81,0.81,0.468936012,0.468936012
1.015560056,1.015560056,0.439551857,0.439551857,9,9,0.81,0.81,0.416608335,0.416608335
1.057519796,1.057519796,0.378753918,0.378753918,9,9,0.81,0.81,0.407398785,0.407398785
1.395344488,1.395344488,0.295499369,0.295499369,9,9,0.81,0.81,0.390511203,0.390511203
1.669477498,1.669477498,0.300587743,0.300587743,9,9,0.81,0.81,0.402566392,0.402566392
1.467198909,1.467198909,0.327807879,0.327807879,9,9,0.81,0.81,0.423251425,0.423251425
2.148837084,2.148837084,0.342307242,0.342307242,9,9,0.81,0.81,0.452394128,0.452394128
1.290446719,1.290446719,0.408987135,0.408987135,9,9,0.81,0.81,0.48164957,0.48164957
0.951849927,0.951849927,0.498638658,0.498638658,9,9,0.81,0.81,0.542173799,0.542173799
0.010494497,0.010494497,0.817441794,0.817441794,9,9,0.81,0.81,0.480260893,0.480260893
0.19386245,0.19386245,0.718040304,0.718040304,9,9,0.81,0.81,0.403717653,0.403717653
0.769299498,0.769299498,0.474040471,0.474040471,9,9,0.81,0.81,0.369642781,0.369642781
0.557629143,0.557629143,0.422048696,0.422048696,9,9,0.81,0.81,0.243711096,0.243711096
1.313899784,1.313899784,0.297404362,0.297404362,9,9,0.81,0.81,0.386024032,0.386024032
1.783266517,1.783266517,0.305436439,0.305436439,9,9,0.81,0.81,0.396670714,0.396670714
1.019200803,1.019200803,0.365831813,0.365831813,9,9,0.81,0.81,0.443306123,0.443306123
1.134694433,1.134694433,0.423273567,0.423273567,9,9,0.81,0.81,0.45339389,0.45339389
1.326106176,1.326106176,0.401380438,0.401380438,9,9,0.81,0.81,0.491562433,0.491562433
0.568621874,0.568621874,0.571975238,0.571975238,9,9,0.81,0.81,0.565583993,0.565583993
0.349164339,0.349164339,0.620948222,0.620948222,9,9,0.81,0.81,0.5508453,0.5508453
0.726842392,0.726842392,0.550307218,0.550307218,9,9,0.81,0.81,0.437174329,0.437174329
0.620549947,0.620549947,0.466868065,0.466868065,9,9,0.81,0.81,0.392889613,0.392889613
1.110273403,1.110273403,0.358598257,0.358598257,9,9,0.81,0.81,0.398219065,0.398219065
1.283912886,1.283912886,0.362733607,0.362733607,9,9,0.81,0.81,0.426808417,0.426808417
0.659263691,0.659263691,0.411494108,0.411494108,9,9,0.81,0.81,0.440317797,0.440317797
0.654417446,0.654417446,0.431974993,0.431974993,9,9,0.81,0.81,0.459483108,0.459483108
0.57447928,0.57447928,0.367819269,0.367819269,9,9,0.81,0.81,0.448009677,0.448009677
0.803607519,0.803607519,0.445069167,0.445069167,9,9,0.81,0.81,0.492925378,0.492925378
0.741306724,0.741306724,0.573021192,0.573021192,9,9,0.81,0.81,0.524085035,0.524085035
0.026845796,0.026845796,0.798104627,0.798104627,9,9,0.81,0.81,0.456380405,0.456380405
0.145304201,0.145304201,0.655188972,0.655188972,9,9,0.81,0.81,0.462158316,0.462158316
0.256933522,0.256933522,0.535295912,0.535295912,9,9,0.81,0.81,0.434299016,0.434299016
0.585499821,0.585499821,0.451479831,0.451479831,9,9,0.81,0.81,0.417180857,0.417180857
1.259668804,1.259668804,0.325975003,0.325975003,9,9,0.81,0.81,0.404576183,0.404576183
1.517960684,1.517960684,0.331108031,0.331108031,9,9,0.81,0.81,0.4051127,0.4051127
1.361369387,1.361369387,0.324152376,0.324152376,9,9,0.81,0.81,0.420306965,0.420306965
1.474316283,1.474316283,0.349850773,0.349850773,9,9,0.81,0.81,0.440405568,0.440405568
0.832189274,0.832189274,0.466192063,0.466192063,9,9,0.81,0.81,0.490070906,0.490070906
0.448307354,0.448307354,0.55027255,0.55027255,9,9,0.81,0.81,0.582613409,0.582613409
0.387681873,0.387681873,0.607865537,0.607865537,9,9,0.81,0.81,0.536126367,0.536126367
0.890083835,0.890083835,0.490105023,0.490105023,9,9,0.81,0.81,0.416932678,0.416932678
1.35609631,1.35609631,0.413599329,0.413599329,9,9,0.81,0.81,0.39254982,0.39254982
1.743677585,1.743677585,0.320376126,0.320376126,9,9,0.81,0.81,0.381690058,0.381690058
1.59133284,1.59133284,0.342933208,0.342933208,9,9,0.81,0.81,0.391951697,0.391951697
1.608895452,1.608895452,0.312167437,0.312167437,9,9,0.81,0.81,0.400214271,0.400214271
1.418145342,1.418145342,0.36447454,0.36447454,9,9,0.81,0.81,0.427911215,0.427911215
1.072264952,1.072264952,0.367286685,0.367286685,9,9,0.81,0.81,0.478512641,0.478512641
1.486778362,1.486778362,0.388395325,0.388395325,9,9,0.81,0.81,0.473697985,0.473697985
0.869776512,0.869776512,0.508697074,0.508697074,9,9,0.81,0.81,0.536416789,0.536416789
0.189200943,0.189200943,0.607367899,0.607367899,9,9,0.81,0.81,0.535688322,0.535688322
0.81055245,0.81055245,0.489148782,0.489148782,9,9,0.81,0.81,0.428430698,0.428430698
0.876203689,0.876203689,0.402824386,0.402824386,9,9,0.81,0.81,0.404568751,0.404568751
0.800511428,0.800511428,0.417763173,0.417763173,9,9,0.81,0.81,0.412765497,0.412765497
1.324960707,1.324960707,0.299850105,0.299850105,9,9,0.81,0.81,0.397089747,0.397089747
1.581848444,1.581848444,0.329360436,0.329360436,9,9,0.81,0.81,0.421020468,0.421020468
0.873328299,0.873328299,0.363923871,0.363923871,9,9,0.81,0.81,0.435414056,0.435414056
1.409382201,1.409382201,0.301004646,0.301004646,9,9,0.81,0.81,0.445294134,0.445294134
1.426261771,1.426261771,0.379016485,0.379016485,9,9,0.81,0.81,0.486055738,0.486055738
0.767503146,0.767503146,0.487917679,0.487917679,9,9,0.81,0.81,0.516836349,0.516836349
0.234519659,0.234519659,0.608555247,0.608555247,9,9,0.81,0.81,0.540607674,0.540607674
0.79258923,0.79258923,0.484639687,0.484639687,9,9,0.81,0.81,0.42889253,0.42889253
0.76838303,0.76838303,0.413390927,0.413390927,9,9,0.81,0.81,0.392458339,0.392458339
1.276266868,1.276266868,0.344752821,0.344752821,9,9,0.81,0.81,0.399978739,0.399978739
1.731942802,1.731942802,0.306960385,0.306960385,9,9,0.81,0.81,0.4053202,0.4053202
1.514074996,1.514074996,0.323907409,0.323907409,9,9,0.81,0.81,0.41685292,0.41685292
1.195394678,1.195394678,0.324050284,0.324050284,9,9,0.81,0.81,0.426998735,0.426998735
1.0128909,1.0128909,0.379207558,0.379207558,9,9,0.81,0.81,0.453807421,0.453807421
1.179107035,1.179107035,0.39991647,0.39991647,9,9,0.81,0.81,0.48728437,0.48728437
0.824524138,0.824524138,0.508889398,0.508889398,9,9,0.81,0.81,0.542504625,0.542504625
0.237762515,0.237762515,0.627397117,0.627397117,9,9,0.81,0.81,0.52228123,0.52228123
0.510539298,0.510539298,0.499110094,0.499110094,9,9,0.81,0.81,0.420375992,0.420375992
0.900584386,0.900584386,0.426888861,0.426888861,9,9,0.81,0.81,0.395434982,0.395434982
1.225070598,1.225070598,0.333641713,0.333641713,9,9,0.81,0.81,0.400279811,0.400279811
1.188302647,1.188302647,0.31181364,0.31181364,9,9,0.81,0.81,0.41293756,0.41293756
0.904043711,0.904043711,0.463673064,0.463673064,9,9,0.81,0.81,0.416438368,0.416438368
1.067003462,1.067003462,0.381988957,0.381988957,9,9,0.81,0.81,0.405413152,0.405413152
1.370162957,1.370162957,0.378968732,0.378968732,9,9,0.81,0.81,0.445036114,0.445036114
0.841213594,0.841213594,0.445153293,0.445153293,9,9,0.81,0.81,0.503668901,0.503668901
0.586332312,0.586332312,0.567059763,0.567059763,9,9,0.81,0.81,0.503030364,0.503030364
0.247443723,0.247443723,0.701363783,0.701363783,9,9,0.81,0.81,0.509307807,0.509307807
0.487135822,0.487135822,0.61105239,0.61105239,9,9,0.81,0.81,0.439014633,0.439014633
0.698867536,0.698867536,0.536917097,0.536917097,9,9,0.81,0.81,0.416087492,0.416087492
0.320640399,0.320640399,0.409915771,0.409915771,9,9,0.81,0.81,0.434690639,0.434690639
0.502831811,0.502831811,0.436268858,0.436268858,9,9,0.81,0.81,0.419589717,0.419589717
0.47527276,0.47527276,0.5092101,0.5092101,9,9,0.81,0.81,0.431864813,0.431864813
0.499962928,0.499962928,0.462914189,0.462914189,9,9,0.81,0.81,0.432953859,0.432953859
0.565613103,0.565613103,0.594721186,0.594721186,9,9,0.81,0.81,0.446194258,0.446194258
0.321034616,0.321034616,0.660493776,0.660493776,9,9,0.81,0.81,0.44367087,0.44367087
0.17499294,0.17499294,0.713261206,0.713261206,9,9,0.81,0.81,0.457627919,0.457627919
-9999,-9999,0.681974114,0.681974114,9,9,0.81,0.81,0.506091344,0.506091344
-9999,-9999,0.558233705,0.558233705,9,9,0.81,0.81,0.420085638,0.420085638
-9999,-9999,0.473831466,0.473831466,9,9,0.81,0.81,0.381476418,0.381476418
-9999,-9999,0.372107839,0.372107839,9,9,0.81,0.81,0.385098091,0.385098091
-9999,-9999,0.330774443,0.330774443,9,9,0.81,0.81,0.394282251,0.394282251
-9999,-9999,0.348508877,0.348508877,9,9,0.81,0.81,0.405918026,0.405918026
-9999,-9999,0.327044648,0.327044648,9,9,0.81,0.81,0.410905853,0.410905853
-9999,-9999,0.357628129,0.357628129,9,9,0.81,0.81,0.436235174,0.436235174
-9999,-9999,0.454046993,0.454046993,9,9,0.81,0.81,0.470104642,0.470104642
-9999,-9999,0.535430824,0.535430824,9,9,0.81,0.81,0.533982772,0.533982772
-9999,-9999,0.701628948,0.701628948,9,9,0.81,0.81,0.483928898,0.483928898
-9999,-9999,0.546024966,0.546024966,9,9,0.81,0.81,0.423784049,0.423784049
-9999,-9999,0.466221434,0.466221434,9,9,0.81,0.81,0.384465731,0.384465731
-9999,-9999,0.369887424,0.369887424,9,9,0.81,0.81,0.375539371,0.375539371
-9999,-9999,0.326242086,0.326242086,9,9,0.81,0.81,0.393916084,0.393916084
-9999,-9999,0.345666245,0.345666245,9,9,0.81,0.81,0.403532418,0.403532418
-9999,-9999,0.326982843,0.326982843,9,9,0.81,0.81,0.424175797,0.424175797
-9999,-9999,0.35945777,0.35945777,9,9,0.81,0.81,0.436289676,0.436289676
-9999,-9999,0.460703054,0.460703054,9,9,0.81,0.81,0.46959351,0.46959351
-9999,-9999,0.575481281,0.575481281,9,9,0.81,0.81,0.532490141,0.532490141
0.117356366,0.117356366,0.743778073,0.743778073,9,9,0.81,0.81,0.429472523,0.429472523
0.312157702,0.312157702,0.616776487,0.616776487,9,9,0.81,0.81,0.42955636,0.42955636
0.198333856,0.198333856,0.661826675,0.661826675,9,9,0.81,0.81,0.413888502,0.413888502
0.091754007,0.091754007,0.698849702,0.698849702,9,9,0.81,0.81,0.416409249,0.416409249
0.221673765,0.221673765,0.525009155,0.525009155,9,9,0.81,0.81,0.412116351,0.412116351
0.499594739,0.499594739,0.42742708,0.42742708,9,9,0.81,0.81,0.395114297,0.395114297
0.596357764,0.596357764,0.393716734,0.393716734,9,9,0.81,0.81,0.398837884,0.398837884
0.571345865,0.571345865,0.439607244,0.439607244,9,9,0.81,0.81,0.419388448,0.419388448
0.54732556,0.54732556,0.518762258,0.518762258,9,9,0.81,0.81,0.443995333,0.443995333
0.337733013,0.337733013,0.635592542,0.635592542,9,9,0.81,0.81,0.480217733,0.480217733
0.301954015,0.301954015,0.624675741,0.624675741,9,9,0.81,0.81,0.552756197,0.552756197
0.796609992,0.796609992,0.49078478,0.49078478,9,9,0.81,0.81,0.401287374,0.401287374
1.139331126,1.139331126,0.426781299,0.426781299,9,9,0.81,0.81,0.338721655,0.338721655
1.357278713,1.357278713,0.329381186,0.329381186,9,9,0.81,0.81,0.338514079,0.338514079
1.552086198,1.552086198,0.296768004,0.296768004,9,9,0.81,0.81,0.339871274,0.339871274
1.576232684,1.576232684,0.318825745,0.318825745,9,9,0.81,0.81,0.345718566,0.345718566
1.365331881,1.365331881,0.308491935,0.308491935,9,9,0.81,0.81,0.370997553,0.370997553
0.333280779,0.333280779,0.513624113,0.513624113,9,9,0.81,0.81,0.400395696,0.400395696
0.49337381,0.49337381,0.508632983,0.508632983,9,9,0.81,0.81,0.426782077,0.426782077
0.217231801,0.217231801,0.619697652,0.619697652,9,9,0.81,0.81,0.488791129,0.488791129
0.287576362,0.287576362,0.638441915,0.638441915,9,9,0.81,0.81,0.530787978,0.530787978
0.684473152,0.684473152,0.49939317,0.49939317,9,9,0.81,0.81,0.392196999,0.392196999
0.995133085,0.995133085,0.437039116,0.437039116,9,9,0.81,0.81,0.367014583,0.367014583
1.211609675,1.211609675,0.339087675,0.339087675,9,9,0.81,0.81,0.337945789,0.337945789
1.420736448,1.420736448,0.333200597,0.333200597,9,9,0.81,0.81,0.353030955,0.353030955
1.389705288,1.389705288,0.356975339,0.356975339,9,9,0.81,0.81,0.363826974,0.363826974
0.949999118,0.949999118,0.355762972,0.355762972,9,9,0.81,0.81,0.389853836,0.389853836
1.170722365,1.170722365,0.363099427,0.363099427,9,9,0.81,0.81,0.386076102,0.386076102
1.042777111,1.042777111,0.411105429,0.411105429,9,9,0.81,0.81,0.424316281,0.424316281
0.751043914,0.751043914,0.519874638,0.519874638,9,9,0.81,0.81,0.48764089,0.48764089
0.203190325,0.203190325,0.652717033,0.652717033,9,9,0.81,0.81,0.532515545,0.532515545
0.558505867,0.558505867,0.514693049,0.514693049,9,9,0.81,0.81,0.39787274,0.39787274
0.95434478,0.95434478,0.434540739,0.434540739,9,9,0.81,0.81,0.376378304,0.376378304
1.132749369,1.132749369,0.332676219,0.332676219,9,9,0.81,0.81,0.362741865,0.362741865
1.355601503,1.355601503,0.296973735,0.296973735,9,9,0.81,0.81,0.369734644,0.369734644
1.381237653,1.381237653,0.318584804,0.318584804,9,9,0.81,0.81,0.384064502,0.384064502
1.344138049,1.344138049,0.294978567,0.294978567,9,9,0.81,0.81,0.399654651,0.399654651
1.268935631,1.268935631,0.325031695,0.325031695,9,9,0.81,0.81,0.504216798,0.504216798
1.067653721,1.067653721,0.416921811,0.416921811,9,9,0.81,0.81,0.454581606,0.454581606
0.719565246,0.719565246,0.526433333,0.526433333,9,9,0.81,0.81,0.523779455,0.523779455
0.223844245,0.223844245,0.641506105,0.641506105,9,9,0.81,0.81,0.508117085,0.508117085
0.64657229,0.64657229,0.506235361,0.506235361,9,9,0.81,0.81,0.409479362,0.409479362
0.926471766,0.926471766,0.435198261,0.435198261,9,9,0.81,0.81,0.382946919,0.382946919
1.18172765,1.18172765,0.333809911,0.333809911,9,9,0.81,0.81,0.380034503,0.380034503
1.301484423,1.301484423,0.301403139,0.301403139,9,9,0.81,0.81,0.392083892,0.392083892
1.304565798,1.304565798,0.320658823,0.320658823,9,9,0.81,0.81,0.40721566,0.40721566
1.340140121,1.340140121,0.297479317,0.297479317,9,9,0.81,0.81,0.423662968,0.423662968
1.17367172,1.17367172,0.332403868,0.332403868,9,9,0.81,0.81,0.436439904,0.436439904
1.001871597,1.001871597,0.426700645,0.426700645,9,9,0.81,0.81,0.479028429,0.479028429
0.706610907,0.706610907,0.534184188,0.534184188,9,9,0.81,0.81,0.555689222,0.555689222
0.058737765,0.058737765,0.703266353,0.703266353,9,9,0.81,0.81,0.473594462,0.473594462
0.452344274,0.452344274,0.538509265,0.538509265,9,9,0.81,0.81,0.434130538,0.434130538
0.711803687,0.711803687,0.459688323,0.459688323,9,9,0.81,0.81,0.396636184,0.396636184
0.696352514,0.696352514,0.410820632,0.410820632,9,9,0.81,0.81,0.387421366,0.387421366
0.542310033,0.542310033,0.438417959,0.438417959,9,9,0.81,0.81,0.419451145,0.419451145
0.660420147,0.660420147,0.430942082,0.430942082,9,9,0.81,0.81,0.389926107,0.389926107
0.496423247,0.496423247,0.501758386,0.501758386,9,9,0.81,0.81,0.40477902,0.40477902
0.224051733,0.224051733,0.615961031,0.615961031,9,9,0.81,0.81,0.438597634,0.438597634
0.164766361,0.164766361,0.664877425,0.664877425,9,9,0.81,0.81,0.432076504,0.432076504
0.213073899,0.213073899,0.650910206,0.650910206,9,9,0.81,0.81,0.439970932,0.439970932
0.049862289,0.049862289,0.803654701,0.803654701,9,9,0.81,0.81,0.423644465,0.423644465
0.074255214,0.074255214,0.77501447,0.77501447,9,9,0.81,0.81,0.454325474,0.454325474
0.085427971,0.085427971,0.778979477,0.778979477,9,9,0.81,0.81,0.444188679,0.444188679
0.110406931,0.110406931,0.683910254,0.683910254,9,9,0.81,0.81,0.461551298,0.461551298
0.983954344,0.983954344,0.38418519,0.38418519,9,9,0.81,0.81,0.389238588,0.389238588
0.282036941,0.282036941,0.468046056,0.468046056,9,9,0.81,0.81,0.390939914,0.390939914
0.690366551,0.690366551,0.386540133,0.386540133,9,9,0.81,0.81,0.38989885,0.38989885
0.515771177,0.515771177,0.409554384,0.409554384,9,9,0.81,0.81,0.409755458,0.409755458
0.830765429,0.830765429,0.477186644,0.477186644,9,9,0.81,0.81,0.444595418,0.444595418
0.529230187,0.529230187,0.55774156,0.55774156,9,9,0.81,0.81,0.499627421,0.499627421
0.135694981,0.135694981,0.687799039,0.687799039,9,9,0.81,0.81,0.532909804,0.532909804
0.456814405,0.456814405,0.543279924,0.543279924,9,9,0.81,0.81,0.408647566,0.408647566
0.688409428,0.688409428,0.466074597,0.466074597,9,9,0.81,0.81,0.36463201,0.36463201
0.866379711,0.866379711,0.365739635,0.365739635,9,9,0.81,0.81,0.357166054,0.357166054
0.927010167,0.927010167,0.337382972,0.337382972,9,9,0.81,0.81,0.364598109,0.364598109
0.935730353,0.935730353,0.349784657,0.349784657,9,9,0.81,0.81,0.377407122,0.377407122
0.975959875,0.975959875,0.322827686,0.322827686,9,9,0.81,0.81,0.403459292,0.403459292
0.898672516,0.898672516,0.356032031,0.356032031,9,9,0.81,0.81,0.403067927,0.403067927
0.752085038,0.752085038,0.472251981,0.472251981,9,9,0.81,0.81,0.464852595,0.464852595
0.385011333,0.385011333,0.575191311,0.575191311,9,9,0.81,0.81,0.520659194,0.520659194
0.163131598,0.163131598,0.666975091,0.666975091,9,9,0.81,0.81,0.562720895,0.562720895
0.508348832,0.508348832,0.520562887,0.520562887,9,9,0.81,0.81,0.394982087,0.394982087
0.726104798,0.726104798,0.450144976,0.450144976,9,9,0.81,0.81,0.360187149,0.360187149
0.869264561,0.869264561,0.35095454,0.35095454,9,9,0.81,0.81,0.364025839,0.364025839
0.956328086,0.956328086,0.318886009,0.318886009,9,9,0.81,0.81,0.371936411,0.371936411
0.998026107,0.998026107,0.338511377,0.338511377,9,9,0.81,0.81,0.381931278,0.381931278
0.986314745,0.986314745,0.324806526,0.324806526,9,9,0.81,0.81,0.408708927,0.408708927
0.810853908,0.810853908,0.359797618,0.359797618,9,9,0.81,0.81,0.411812591,0.411812591
0.728718934,0.728718934,0.445602233,0.445602233,9,9,0.81,0.81,0.458319503,0.458319503
0.513091814,0.513091814,0.589313147,0.589313147,9,9,0.81,0.81,0.531495107,0.531495107
0.162150612,0.162150612,0.670894369,0.670894369,9,9,0.81,0.81,0.559329812,0.559329812
0.494582144,0.494582144,0.523357978,0.523357978,9,9,0.81,0.81,0.391393288,0.391393288
0.746670585,0.746670585,0.449578151,0.449578151,9,9,0.81,0.81,0.352273215,0.352273215
0.894841327,0.894841327,0.357538018,0.357538018,9,9,0.81,0.81,0.357925093,0.357925093
0.973246779,0.973246779,0.318765493,0.318765493,9,9,0.81,0.81,0.359137879,0.359137879
0.9436682,0.9436682,0.359525714,0.359525714,9,9,0.81,0.81,0.380066445,0.380066445
0.394848943,0.394848943,0.46742724,0.46742724,9,9,0.81,0.81,0.425518218,0.425518218
0.112340925,0.112340925,0.673902001,0.673902001,9,9,0.81,0.81,0.425242635,0.425242635
0.735851744,0.735851744,0.447317978,0.447317978,9,9,0.81,0.81,0.422039238,0.422039238
0.451509153,0.451509153,0.550827504,0.550827504,9,9,0.81,0.81,0.497610372,0.497610372
0.114638057,0.114638057,0.662828113,0.662828113,9,9,0.81,0.81,0.534164451,0.534164451
0.377714956,0.377714956,0.556022466,0.556022466,9,9,0.81,0.81,0.382075758,0.382075758
0.719898731,0.719898731,0.443194489,0.443194489,9,9,0.81,0.81,0.351380951,0.351380951
0.956509141,0.956509141,0.34551384,0.34551384,9,9,0.81,0.81,0.360401489,0.360401489
1.064874799,1.064874799,0.315707673,0.315707673,9,9,0.81,0.81,0.386782887,0.386782887
1.249912419,1.249912419,0.335771443,0.335771443,9,9,0.81,0.81,0.408824136,0.408824136
1.347448786,1.347448786,0.308200548,0.308200548,9,9,0.81,0.81,0.466666062,0.466666062
1.179933505,1.179933505,0.343127707,0.343127707,9,9,0.81,0.81,0.433909669,0.433909669
0.947131754,0.947131754,0.502675936,0.502675936,9,9,0.81,0.81,0.476528292,0.476528292
0.417093494,0.417093494,0.59633447,0.59633447,9,9,0.81,0.81,0.567650594,0.567650594
0.141845751,0.141845751,0.654281509,0.654281509,9,9,0.81,0.81,0.517111113,0.517111113
0.317834697,0.317834697,0.553436323,0.553436323,9,9,0.81,0.81,0.375729455,0.375729455
0.654138039,0.654138039,0.465135937,0.465135937,9,9,0.81,0.81,0.344706547,0.344706547
0.681781038,0.681781038,0.365026043,0.365026043,9,9,0.81,0.81,0.367019923,0.367019923
1.016757322,1.016757322,0.319932393,0.319932393,9,9,0.81,0.81,0.364331857,0.364331857
1.257184209,1.257184209,0.333767853,0.333767853,9,9,0.81,0.81,0.453670453,0.453670453
1.214087498,1.214087498,0.312324809,0.312324809,9,9,0.81,0.81,0.431129306,0.431129306
0.445280221,0.445280221,0.48583191,0.48583191,9,9,0.81,0.81,0.516853536,0.516853536
0.482358122,0.482358122,0.518566203,0.518566203,9,9,0.81,0.81,0.505906042,0.505906042
0.479327908,0.479327908,0.589313147,0.589313147,9,9,0.81,0.81,0.554575168,0.554575168
0.005203744,0.005203744,0.816412466,0.816412466,9,9,0.81,0.81,0.379873334,0.379873334
0.042612066,0.042612066,0.746171675,0.746171675,9,9,0.81,0.81,0.378139176,0.378139176
0.093217808,0.093217808,0.676454171,0.676454171,9,9,0.81,0.81,0.391678924,0.391678924
0.148309491,0.148309491,0.731648129,0.731648129,9,9,0.81,0.81,0.398264897,0.398264897
0.080792819,0.080792819,0.764924932,0.764924932,9,9,0.81,0.81,0.406933413,0.406933413
0.087886862,0.087886862,0.745607782,0.745607782,9,9,0.81,0.81,0.406422292,0.406422292
0.128306352,0.128306352,0.720214944,0.720214944,9,9,0.81,0.81,0.413302985,0.413302985
0.140529854,0.140529854,0.663789248,0.663789248,9,9,0.81,0.81,0.408014601,0.408014601
0.072700092,0.072700092,0.754633877,0.754633877,9,9,0.81,0.81,0.408597947,0.408597947
0.03799122,0.03799122,0.801531042,0.801531042,9,9,0.81,0.81,0.417758058,0.417758058
0.070765394,0.070765394,0.658997474,0.658997474,9,9,0.81,0.81,0.53463577,0.53463577
0.327098612,0.327098612,0.523687798,0.523687798,9,9,0.81,0.81,0.360307721,0.360307721
0.465333647,0.465333647,0.49295392,0.49295392,9,9,0.81,0.81,0.38984979,0.38984979
0.343554133,0.343554133,0.391466014,0.391466014,9,9,0.81,0.81,0.337964063,0.337964063
0.308744209,0.308744209,0.46742724,0.46742724,9,9,0.81,0.81,0.369850942,0.369850942
0.154916518,0.154916518,0.610244503,0.610244503,9,9,0.81,0.81,0.374305407,0.374305407
0.690561001,0.690561001,0.370167165,0.370167165,9,9,0.81,0.81,0.371749557,0.371749557
0.852575192,0.852575192,0.345622694,0.345622694,9,9,0.81,0.81,0.373229144,0.373229144
0.698139022,0.698139022,0.45757907,0.45757907,9,9,0.81,0.81,0.417397544,0.417397544
0.542021921,0.542021921,0.554553176,0.554553176,9,9,0.81,0.81,0.539808237,0.539808237
0.005265576,0.005265576,0.826191594,0.826191594,9,9,0.81,0.81,0.406367135,0.406367135
0.038369146,0.038369146,0.739945623,0.739945623,9,9,0.81,0.81,0.376050807,0.376050807
0.139986988,0.139986988,0.715105941,0.715105941,9,9,0.81,0.81,0.404364368,0.404364368
0.16005336,0.16005336,0.67615592,0.67615592,9,9,0.81,0.81,0.360870478,0.360870478
0.141735691,0.141735691,0.684988261,0.684988261,9,9,0.81,0.81,0.236252211,0.236252211
0.263681147,0.263681147,0.630368583,0.630368583,9,9,0.81,0.81,0.333866578,0.333866578
0.157235589,0.157235589,0.654900097,0.654900097,9,9,0.81,0.81,0.283872271,0.283872271
0.148885307,0.148885307,0.643286827,0.643286827,9,9,0.81,0.81,0.230292139,0.230292139
0.147715608,0.147715608,0.677435063,0.677435063,9,9,0.81,0.81,0.209177527,0.209177527
0.247659635,0.247659635,0.602717563,0.602717563,9,9,0.81,0.81,0.248691135,0.248691135
0.103351929,0.103351929,0.700613024,0.700613024,9,9,0.81,0.81,0.50045971,0.50045971
0.226403512,0.226403512,0.641263662,0.641263662,9,9,0.81,0.81,0.357839864,0.357839864
0.605450549,0.605450549,0.450315163,0.450315163,9,9,0.81,0.81,0.321482288,0.321482288
0.825128699,0.825128699,0.350071248,0.350071248,9,9,0.81,0.81,0.29674601,0.29674601
0.932489662,0.932489662,0.322035472,0.322035472,9,9,0.81,0.81,0.356409857,0.356409857
0.910177049,0.910177049,0.341338175,0.341338175,9,9,0.81,0.81,0.357340489,0.357340489
0.822591638,0.822591638,0.313547135,0.313547135,9,9,0.81,0.81,0.410570086,0.410570086
0.843929971,0.843929971,0.352194895,0.352194895,9,9,0.81,0.81,0.429889139,0.429889139
0.627526361,0.627526361,0.498324614,0.498324614,9,9,0.81,0.81,0.425708802,0.425708802
0.211402323,0.211402323,0.599234316,0.599234316,9,9,0.81,0.81,0.496181112,0.496181112
0.088815763,0.088815763,0.64955837,0.64955837,9,9,0.81,0.81,0.640728476,0.640728476
0.439058818,0.439058818,0.503278,0.503278,9,9,0.81,0.81,0.359867132,0.359867132
0.586270399,0.586270399,0.44091085,0.44091085,9,9,0.81,0.81,0.272797855,0.272797855
0.652985588,0.652985588,0.343906804,0.343906804,9,9,0.81,0.81,0.292068223,0.292068223
0.712998478,0.712998478,0.316304925,0.316304925,9,9,0.81,0.81,0.286776213,0.286776213
0.750667105,0.750667105,0.336491437,0.336491437,9,9,0.81,0.81,0.324370815,0.324370815
0.781014636,0.781014636,0.308258803,0.308258803,9,9,0.81,0.81,0.325110654,0.325110654
0.678827232,0.678827232,0.344644241,0.344644241,9,9,0.81,0.81,0.345348117,0.345348117
0.61502569,0.61502569,0.449521508,0.449521508,9,9,0.81,0.81,0.413506502,0.413506502
0.436574252,0.436574252,0.551417757,0.551417757,9,9,0.81,0.81,0.582121367,0.582121367
0.080644981,0.080644981,0.698673614,0.698673614,9,9,0.81,0.81,0.510180963,0.510180963
0.290340979,0.290340979,0.540310352,0.540310352,9,9,0.81,0.81,0.372487662,0.372487662
0.463648801,0.463648801,0.474817586,0.474817586,9,9,0.81,0.81,0.326918453,0.326918453
0.55839472,0.55839472,0.372248522,0.372248522,9,9,0.81,0.81,0.340163298,0.340163298
0.624034245,0.624034245,0.337425485,0.337425485,9,9,0.81,0.81,0.328423951,0.328423951
-9999,-9999,0.363694671,0.363694671,9,9,0.81,0.81,0.33338317,0.33338317
0.77147676,0.77147676,0.316245149,0.316245149,9,9,0.81,0.81,0.392122595,0.392122595
0.712801789,0.712801789,0.354800515,0.354800515,9,9,0.81,0.81,0.392244576,0.392244576
0.66435072,0.66435072,0.457434955,0.457434955,9,9,0.81,0.81,0.454644804,0.454644804
0.335612885,0.335612885,0.57977535,0.57977535,9,9,0.81,0.81,0.473020634,0.473020634
0.027599868,0.027599868,0.702380796,0.702380796,9,9,0.81,0.81,0.445400004,0.445400004
0.286134903,0.286134903,0.528993265,0.528993265,9,9,0.81,0.81,0.363659025,0.363659025
0.458341881,0.458341881,0.451081801,0.451081801,9,9,0.81,0.81,0.309659371,0.309659371
0.614047184,0.614047184,0.355024109,0.355024109,9,9,0.81,0.81,0.328824288,0.328824288
0.65790839,0.65790839,0.32880067,0.32880067,9,9,0.81,0.81,0.386431082,0.386431082
0.837975654,0.837975654,0.343495393,0.343495393,9,9,0.81,0.81,0.380016308,0.380016308
0.722121898,0.722121898,0.31114645,0.31114645,9,9,0.81,0.81,0.395581044,0.395581044
0.591152982,0.591152982,0.36942166,0.36942166,9,9,0.81,0.81,0.478808508,0.478808508
0.568438826,0.568438826,0.465693038,0.465693038,9,9,0.81,0.81,0.479829819,0.479829819
0.168407669,0.168407669,0.628188136,0.628188136,9,9,0.81,0.81,0.528905628,0.528905628
0.047354487,0.047354487,0.671782549,0.671782549,9,9,0.81,0.81,0.453705627,0.453705627
0.297241135,0.297241135,0.517032999,0.517032999,9,9,0.81,0.81,0.366846853,0.366846853
0.282538573,0.282538573,0.502169494,0.502169494,9,9,0.81,0.81,0.316975275,0.316975275
0.469243935,0.469243935,0.370797355,0.370797355,9,9,0.81,0.81,0.372096644,0.372096644
0.423430216,0.423430216,0.348706537,0.348706537,9,9,0.81,0.81,0.382474587,0.382474587
0.498978554,0.498978554,0.399136196,0.399136196,9,9,0.81,0.81,0.402641114,0.402641114
0.811227942,0.811227942,0.360047044,0.360047044,9,9,0.81,0.81,0.394062713,0.394062713
0.57606496,0.57606496,0.42151725,0.42151725,9,9,0.81,0.81,0.383161654,0.383161654
0.407999128,0.407999128,0.510077003,0.510077003,9,9,0.81,0.81,0.424069307,0.424069307
0.327736115,0.327736115,0.594271747,0.594271747,9,9,0.81,0.81,0.589528307,0.589528307
-9999,-9999,0.717949836,0.717949836,9,9,0.81,0.81,0.438202962,0.438202962
0.177980552,0.177980552,0.547747657,0.547747657,9,9,0.81,0.81,0.348896743,0.348896743
0.270141798,0.270141798,0.473055965,0.473055965,9,9,0.81,0.81,0.385958483,0.385958483
0.318594572,0.318594572,0.400925531,0.400925531,9,9,0.81,0.81,0.363223061,0.363223061
0.247192863,0.247192863,0.498324614,0.498324614,9,9,0.81,0.81,0.470013124,0.470013124
0.418820398,0.418820398,0.392478477,0.392478477,9,9,0.81,0.81,0.422518307,0.422518307
0.288991543,0.288991543,0.497289674,0.497289674,9,9,0.81,0.81,0.383746585,0.383746585
0.038638174,0.038638174,0.685808683,0.685808683,9,9,0.81,0.81,0.317753202,0.317753202
0.068045386,0.068045386,0.618060099,0.618060099,9,9,0.81,0.81,0.345518075,0.345518075
-9999,-9999,0.678203711,0.678203711,9,9,0.81,0.81,0.361053681,0.361053681
0.046227407,0.046227407,0.76937131,0.76937131,9,9,0.81,0.81,0.322997714,0.322997714
0.027853112,0.027853112,0.795093486,0.795093486,9,9,0.81,0.81,0.324960278,0.324960278
0.008979143,0.008979143,0.819401094,0.819401094,9,9,0.81,0.81,0.323623695,0.323623695
0.030544313,0.030544313,0.777998581,0.777998581,9,9,0.81,0.81,0.445280633,0.445280633
0.037643421,0.037643421,0.718492812,0.718492812,9,9,0.81,0.81,0.376893893,0.376893893
0.065351258,0.065351258,0.739107,0.739107,9,9,0.81,0.81,0.364085356,0.364085356
0.098310604,0.098310604,0.686154417,0.686154417,9,9,0.81,0.81,0.346187283,0.346187283
0.064607213,0.064607213,0.73077287,0.73077287,9,9,0.81,0.81,0.294326401,0.294326401
0.034665875,0.034665875,0.750887395,0.750887395,9,9,0.81,0.81,0.292946847,0.292946847
0.046191624,0.046191624,0.757539515,0.757539515,9,9,0.81,0.81,0.29599378,0.29599378
0.037485631,0.037485631,0.772917798,0.772917798,9,9,0.81,0.81,0.262752952,0.262752952
0.044803909,0.044803909,0.680557762,0.680557762,9,9,0.81,0.81,0.263296697,0.263296697
0.065412022,0.065412022,0.640617593,0.640617593,9,9,0.81,0.81,0.220259297,0.220259297
0.078705673,0.078705673,0.552286924,0.552286924,9,9,0.81,0.81,0.255347377,0.255347377
0.067532455,0.067532455,0.483054605,0.483054605,9,9,0.81,0.81,0.318168894,0.318168894
0.076328505,0.076328505,0.466133326,0.466133326,9,9,0.81,0.81,0.314567003,0.314567003
0.112467665,0.112467665,0.483937952,0.483937952,9,9,0.81,0.81,0.312444811,0.312444811
0.220844845,0.220844845,0.387955135,0.387955135,9,9,0.81,0.81,0.301338142,0.301338142
0.061808978,0.061808978,0.564955915,0.564955915,9,9,0.81,0.81,0.312050698,0.312050698
-9999,-9999,0.726320735,0.726320735,9,9,0.81,0.81,0.323768463,0.323768463
-9999,-9999,0.73673606,0.73673606,9,9,0.81,0.81,0.396271819,0.396271819
0.033234246,0.033234246,0.642598235,0.642598235,9,9,0.81,0.81,0.321146549,0.321146549
0.023635068,0.023635068,0.609514477,0.609514477,9,9,0.81,0.81,0.303122448,0.303122448
0.066347024,0.066347024,0.561231065,0.561231065,9,9,0.81,0.81,0.298998816,0.298998816
0.145406604,0.145406604,0.380835568,0.380835568,9,9,0.81,0.81,0.304548241,0.304548241
0.189794622,0.189794622,0.391934879,0.391934879,9,9,0.81,0.81,0.422077533,0.422077533
0.134624168,0.134624168,0.371709524,0.371709524,9,9,0.81,0.81,0.334108902,0.334108902
0.288194215,0.288194215,0.358169272,0.358169272,9,9,0.81,0.81,0.327427137,0.327427137
0.27058206,0.27058206,0.469345279,0.469345279,9,9,0.81,0.81,0.369574628,0.369574628
0.170148954,0.170148954,0.581164995,0.581164995,9,9,0.81,0.81,0.543245669,0.543245669
0.033187363,0.033187363,0.650090576,0.650090576,9,9,0.81,0.81,0.463429901,0.463429901
0.164478691,0.164478691,0.519089181,0.519089181,9,9,0.81,0.81,0.345686159,0.345686159
0.239409307,0.239409307,0.453132556,0.453132556,9,9,0.81,0.81,0.316441578,0.316441578
0.250295968,0.250295968,0.354867578,0.354867578,9,9,0.81,0.81,0.315784222,0.315784222
0.285402621,0.285402621,0.330586947,0.330586947,9,9,0.81,0.81,0.314604519,0.314604519
0.297109612,0.297109612,0.347894649,0.347894649,9,9,0.81,0.81,0.374828505,0.374828505
0.30073202,0.30073202,0.315588358,0.315588358,9,9,0.81,0.81,0.334669691,0.334669691
0.290283622,0.290283622,0.365072039,0.365072039,9,9,0.81,0.81,0.38799366,0.38799366
0.234312669,0.234312669,0.472579365,0.472579365,9,9,0.81,0.81,0.399281812,0.399281812
0.107420199,0.107420199,0.606106492,0.606106492,9,9,0.81,0.81,0.525393755,0.525393755
0.027923824,0.027923824,0.660951657,0.660951657,9,9,0.81,0.81,0.515647484,0.515647484
0.148844716,0.148844716,0.525207646,0.525207646,9,9,0.81,0.81,0.392347008,0.392347008
0.213552539,0.213552539,0.459167332,0.459167332,9,9,0.81,0.81,0.328614319,0.328614319
-9999,-9999,0.360137787,0.360137787,9,9,0.81,0.81,1,1
-9999,-9999,0.37680232,0.37680232,9,9,0.81,0.81,1,1
-9999,-9999,0.353061302,0.353061302,9,9,0.81,0.81,1,1
-9999,-9999,0.320194525,0.320194525,9,9,0.81,0.81,1,1
-9999,-9999,0.371452019,0.371452019,9,9,0.81,0.81,1,1
-9999,-9999,0.483663637,0.483663637,9,9,0.81,0.81,-1.00108E-06,-1.00108E-06
-9999,-9999,0.6213004,0.6213004,9,9,0.81,0.81,1,1
-9999,-9999,0.749989121,0.749989121,9,9,0.81,0.81,1,1
-9999,-9999,0.726000498,0.726000498,9,9,0.81,0.81,1,1
-9999,-9999,0.652840408,0.652840408,9,9,0.81,0.81,1,1
-9999,-9999,0.420191559,0.420191559,9,9,0.81,0.81,1,1
-9999,-9999,0.441299905,0.441299905,9,9,0.81,0.81,1,1
0.042192504,0.042192504,0.57352682,0.57352682,9,9,0.81,0.81,0.472715243,0.472715243
0.03823731,0.03823731,0.498199052,0.498199052,9,9,0.81,0.81,0.460508398,0.460508398
0.03125945,0.03125945,0.642517273,0.642517273,9,9,0.81,0.81,0.458070876,0.458070876
0.055514287,0.055514287,0.665044996,0.665044996,9,9,0.81,0.81,0.448697532,0.448697532
0.014641076,0.014641076,0.703798224,0.703798224,9,9,0.81,0.81,0.470252921,0.470252921
0.002029756,0.002029756,0.815435805,0.815435805,9,9,0.81,0.81,0.341835263,0.341835263
0.007031722,0.007031722,0.802036165,0.802036165,9,9,0.81,0.81,0.406820258,0.406820258
0.0216806,0.0216806,0.578134014,0.578134014,9,9,0.81,0.81,0.432910302,0.432910302
0.214721577,0.214721577,0.37521519,0.37521519,9,9,0.81,0.81,0.575380598,0.575380598
0.173438663,0.173438663,0.415453503,0.415453503,9,9,0.81,0.81,0.582693235,0.582693235
0.162575595,0.162575595,0.407521096,0.407521096,9,9,0.81,0.81,0.599087837,0.599087837
0.273751203,0.273751203,0.346232911,0.346232911,9,9,0.81,0.81,0.57218837,0.57218837
-9999,-9999,0.578389028,0.578389028,9,9,0.81,0.81,0.628311787,0.628311787
0.028914806,0.028914806,0.631760079,0.631760079,9,9,0.81,0.81,0.657725313,0.657725313
0.077623753,0.077623753,0.699422295,0.699422295,9,9,0.81,0.81,0.654097347,0.654097347
0.011844662,0.011844662,0.767773449,0.767773449,9,9,0.81,0.81,0.378688935,0.378688935
0.016902563,0.016902563,0.73673606,0.73673606,9,9,0.81,0.81,0.368955531,0.368955531
0.018719693,0.018719693,0.704907579,0.704907579,9,9,0.81,0.81,0.468508147,0.468508147
0.045754021,0.045754021,0.71218357,0.71218357,9,9,0.81,0.81,0.486554212,0.486554212
0.028255725,0.028255725,0.684470606,0.684470606,9,9,0.81,0.81,0.492869971,0.492869971
0.034959714,0.034959714,0.605381417,0.605381417,9,9,0.81,0.81,0.495539669,0.495539669
0.126903294,0.126903294,0.588496925,0.588496925,9,9,0.81,0.81,0.472738661,0.472738661
0.061872564,0.061872564,0.537018584,0.537018584,9,9,0.81,0.81,0.531508437,0.531508437
0.025516936,0.025516936,0.764250566,0.764250566,9,9,0.81,0.81,0.537989416,0.537989416
0.005873958,0.005873958,0.818523986,0.818523986,9,9,0.81,0.81,0.538880483,0.538880483
0.002446427,0.002446427,0.82598342,0.82598342,9,9,0.81,0.81,0.258465933,0.258465933
0.004569206,0.004569206,0.796497269,0.796497269,9,9,0.81,0.81,0.560081502,0.560081502
0.00816943,0.00816943,0.800118387,0.800118387,9,9,0.81,0.81,0.491289475,0.491289475
0.018712246,0.018712246,0.760264729,0.760264729,9,9,0.81,0.81,0.684339749,0.684339749
0.015762139,0.015762139,0.724949285,0.724949285,9,9,0.81,0.81,0.712593048,0.712593048
0.018260529,0.018260529,0.71519605,0.71519605,9,9,0.81,0.81,0.992678884,0.992678884
0.021131203,0.021131203,0.653004944,0.653004944,9,9,0.81,0.81,0.619522664,0.619522664
0.015091689,0.015091689,0.658665423,0.658665423,9,9,0.81,0.81,0.579142568,0.579142568
-9999,-9999,0.715782035,0.715782035,9,9,0.81,0.81,0.542579888,0.542579888
0.008295329,0.008295329,0.753208966,0.753208966,9,9,0.81,0.81,0.514533361,0.514533361
0.007065913,0.007065913,0.778194662,0.778194662,9,9,0.81,0.81,0.593618027,0.593618027
-9999,-9999,0.679829275,0.679829275,9,9,0.81,0.81,0.60798626,0.60798626
-9999,-9999,0.677861982,0.677861982,9,9,0.81,0.81,0.755127003,0.755127003
-9999,-9999,0.612709975,0.612709975,9,9,0.81,0.81,0.873237816,0.873237816
-9999,-9999,0.466074597,0.466074597,9,9,0.81,0.81,1.134793986,1.134793986
-9999,-9999,0.416921811,0.416921811,9,9,0.81,0.81,1.631762244,1.631762244
-9999,-9999,0.456283671,0.456283671,9,9,0.81,0.81,1.364080096,1.364080096
0.045123899,0.045123899,0.38707625,0.38707625,9,9,0.81,0.81,1.138468565,1.138468565
0.049441338,0.049441338,0.50197971,0.50197971,9,9,0.81,0.81,1.089378357,1.089378357
0.044061686,0.044061686,0.612787182,0.612787182,9,9,0.81,0.81,1.452074482,1.452074482
0.002340702,0.002340702,0.828328406,0.828328406,9,9,0.81,0.81,-3.0924E-06,-3.0924E-06
0.004772155,0.004772155,0.808377135,0.808377135,9,9,0.81,0.81,0.629033667,0.629033667
0.006086205,0.006086205,0.788856715,0.788856715,9,9,0.81,0.81,0.577923708,0.577923708
0.005054594,0.005054594,0.724994958,0.724994958,9,9,0.81,0.81,0.718422323,0.718422323
0.018881621,0.018881621,0.702336547,0.702336547,9,9,0.81,0.81,0.796741189,0.796741189
0.00972593,0.00972593,0.749375131,0.749375131,9,9,0.81,0.81,0.683929087,0.683929087
0.016439479,0.016439479,0.710704478,0.710704478,9,9,0.81,0.81,0.571002572,0.571002572
0.00794251,0.00794251,0.734742943,0.734742943,9,9,0.81,0.81,0.656755376,0.656755376
0.009376694,0.009376694,0.739433018,0.739433018,9,9,0.81,0.81,0.574607869,0.574607869
0.00881891,0.00881891,0.768644598,0.768644598,9,9,0.81,0.81,0.452276107,0.452276107
0.002064604,0.002064604,0.799715229,0.799715229,9,9,0.81,0.81,0.65082879,0.65082879
0.014230092,0.014230092,0.740551886,0.740551886,9,9,0.81,0.81,1.830142807,1.830142807
0.014088451,0.014088451,0.690882455,0.690882455,9,9,0.81,0.81,1.008421805,1.008421805
0.014389503,0.014389503,0.741252039,0.741252039,9,9,0.81,0.81,0.829481537,0.829481537
0.004711643,0.004711643,0.800269624,0.800269624,9,9,0.81,0.81,1.092763974,1.092763974
0.007707546,0.007707546,0.790548257,0.790548257,9,9,0.81,0.81,1.473772514,1.473772514
0.01001352,0.01001352,0.775747205,0.775747205,9,9,0.81,0.81,1.651636062,1.651636062
0.007756781,0.007756781,0.786970451,0.786970451,9,9,0.81,0.81,2.263899186,2.263899186
0.006112907,0.006112907,0.794542678,0.794542678,9,9,0.81,0.81,1.787412521,1.787412521
0.004123217,0.004123217,0.810621065,0.810621065,9,9,0.81,0.81,2.609444431,2.609444431
0.003938405,0.003938405,0.789901063,0.789901063,9,9,0.81,0.81,1.156643639,1.156643639
-9999,-9999,0.800320042,0.800320042,9,9,0.81,0.81,4.264645928,4.264645928
-9999,-9999,0.718809737,0.718809737,9,9,0.81,0.81,1.913893933,1.913893933
-9999,-9999,0.611938447,0.611938447,9,9,0.81,0.81,1.058424561,1.058424561
-9999,-9999,0.394312484,0.394312484,9,9,0.81,0.81,22.61081991,22.61081991
0.037252887,0.037252887,0.373328863,0.373328863,9,9,0.81,0.81,-2.21662E-06,-2.21662E-06
0.04160858,0.04160858,0.347325264,0.347325264,9,9,0.81,0.81,-2.33923E-06,-2.33923E-06
0.048620308,0.048620308,0.39823198,0.39823198,9,9,0.81,0.81,-2.76904E-06,-2.76904E-06
0.035145754,0.035145754,0.499581976,0.499581976,9,9,0.81,0.81,-3.68188E-06,-3.68188E-06
0.009729,0.009729,0.622593427,0.622593427,9,9,0.81,0.81,-7.70949E-06,-7.70949E-06
-9999,-9999,0.694198332,0.694198332,9,9,0.81,0.81,3.423740765,3.423740765
0.018392322,0.018392322,0.549752788,0.549752788,9,9,0.81,0.81,-2.37583E-06,-2.37583E-06
0.026078792,0.026078792,0.477607708,0.477607708,9,9,0.81,0.81,-1.96297E-06,-1.96297E-06
0.031820803,0.031820803,0.381820537,0.381820537,9,9,0.81,0.81,-1.92368E-06,-1.92368E-06
0.032156368,0.032156368,0.358056466,0.358056466,9,9,0.81,0.81,-2.02355E-06,-2.02355E-06
0.064180976,0.064180976,0.373211283,0.373211283,9,9,0.81,0.81,-2.41563E-06,-2.41563E-06
0.04933724,0.04933724,0.346603925,0.346603925,9,9,0.81,0.81,-2.37132E-06,-2.37132E-06
0.040861506,0.040861506,0.398307253,0.398307253,9,9,0.81,0.81,-2.57975E-06,-2.57975E-06
0.024902427,0.024902427,0.499456097,0.499456097,9,9,0.81,0.81,-3.72443E-06,-3.72443E-06
-9999,-9999,0.628069419,0.628069419,9,9,0.81,0.81,-7.71008E-06,-7.71008E-06
0.005706602,0.005706602,0.796447091,0.796447091,9,9,0.81,0.81,-2.75039E-06,-2.75039E-06
0.003467095,0.003467095,0.752450114,0.752450114,9,9,0.81,0.81,-2.818E-06,-2.818E-06
0.004225907,0.004225907,0.751786746,0.751786746,9,9,0.81,0.81,-2.87732E-06,-2.87732E-06
0.005906902,0.005906902,0.703975603,0.703975603,9,9,0.81,0.81,-2.86379E-06,-2.86379E-06
0.001806553,0.001806553,0.717362076,0.717362076,9,9,0.81,0.81,-2.82412E-06,-2.82412E-06
-9999,-9999,0.680043455,0.680043455,9,9,0.81,0.81,-2.72867E-06,-2.72867E-06
0.00997907,0.00997907,0.709764838,0.709764838,9,9,0.81,0.81,-2.82839E-06,-2.82839E-06
0.005831157,0.005831157,0.69258204,0.69258204,9,9,0.81,0.81,-2.73813E-06,-2.73813E-06
0.003839955,0.003839955,0.758637985,0.758637985,9,9,0.81,0.81,-2.83976E-06,-2.83976E-06
0.0030615,0.0030615,0.796798402,0.796798402,9,9,0.81,0.81,-2.83198E-06,-2.83198E-06
0.002005442,0.002005442,0.822400663,0.822400663,9,9,0.81,0.81,-2.69007E-06,-2.69007E-06
0.001993784,0.001993784,0.797853264,0.797853264,9,9,0.81,0.81,-2.78027E-06,-2.78027E-06
0.004018257,0.004018257,0.705440691,0.705440691,9,9,0.81,0.81,-2.76295E-06,-2.76295E-06
-9999,-9999,0.633633493,0.633633493,9,9,0.81,0.81,-2.36078E-06,-2.36078E-06
-9999,-9999,0.622475768,0.622475768,9,9,0.81,0.81,-2.30289E-06,-2.30289E-06
-9999,-9999,0.687106087,0.687106087,9,9,0.81,0.81,-2.30801E-06,-2.30801E-06
-9999,-9999,0.645723053,0.645723053,9,9,0.81,0.81,-2.77414E-06,-2.77414E-06
-9999,-9999,0.642760191,0.642760191,9,9,0.81,0.81,-2.86558E-06,-2.86558E-06
-9999,-9999,0.615146654,0.615146654,9,9,0.81,0.81,-2.90479E-06,-2.90479E-06
0.001426727,0.001426727,0.638643056,0.638643056,9,9,0.81,0.81,-6.68425E-06,-6.68425E-06
-9999,-9999,0.695774561,0.695774561,9,9,0.81,0.81,16.0291625,16.0291625
0.012675732,0.012675732,0.560030194,0.560030194,9,9,0.81,0.81,-3.89224E-06,-3.89224E-06
0.027939548,0.027939548,0.483998932,0.483998932,9,9,0.81,0.81,-2.23654E-06,-2.23654E-06
0.031173659,0.031173659,0.391170177,0.391170177,9,9,0.81,0.81,-1.92796E-06,-1.92796E-06
0.033666738,0.033666738,0.367819269,0.367819269,9,9,0.81,0.81,-1.86715E-06,-1.86715E-06
0.029454793,0.029454793,0.383628908,0.383628908,9,9,0.81,0.81,-2.05539E-06,-2.05539E-06
0.022599849,0.022599849,0.357605599,0.357605599,9,9,0.81,0.81,-1.87074E-06,-1.87074E-06
0.023478642,0.023478642,0.409683414,0.409683414,9,9,0.81,0.81,-2.37225E-06,-2.37225E-06
0.012330394,0.012330394,0.508312645,0.508312645,9,9,0.81,0.81,-2.79679E-06,-2.79679E-06
-9999,-9999,0.639126053,0.639126053,9,9,0.81,0.81,-6.35274E-06,-6.35274E-06
-9999,-9999,0.732847551,0.732847551,9,9,0.81,0.81,1.920489271,1.920489271
0.009087339,0.009087339,0.625581552,0.625581552,9,9,0.81,0.81,-3.0868E-06,-3.0868E-06
0.022945956,0.022945956,0.489395375,0.489395375,9,9,0.81,0.81,-2.58679E-06,-2.58679E-06
0.027804342,0.027804342,0.417131993,0.417131993,9,9,0.81,0.81,-2.28327E-06,-2.28327E-06
0.041590794,0.041590794,0.361820669,0.361820669,9,9,0.81,0.81,-2.2711E-06,-2.2711E-06
0.040909772,0.040909772,0.389866238,0.389866238,9,9,0.81,0.81,-2.39494E-06,-2.39494E-06
0.034682527,0.034682527,0.388640092,0.388640092,9,9,0.81,0.81,-2.40944E-06,-2.40944E-06
0.021667809,0.021667809,0.494260003,0.494260003,9,9,0.81,0.81,-2.5178E-06,-2.5178E-06
0.007669247,0.007669247,0.507161098,0.507161098,9,9,0.81,0.81,-3.18708E-06,-3.18708E-06
-9999,-9999,0.651566655,0.651566655,9,9,0.81,0.81,-7.20555E-06,-7.20555E-06
0.003127122,0.003127122,0.820175794,0.820175794,9,9,0.81,0.81,-2.4967E-06,-2.4967E-06
0.002384387,0.002384387,0.795394089,0.795394089,9,9,0.81,0.81,-2.87516E-06,-2.87516E-06
0.00296103,0.00296103,0.697090818,0.697090818,9,9,0.81,0.81,-2.77634E-06,-2.77634E-06
0.00273517,0.00273517,0.763143968,0.763143968,9,9,0.81,0.81,-2.71333E-06,-2.71333E-06
0.004069096,0.004069096,0.759929527,0.759929527,9,9,0.81,0.81,-2.75786E-06,-2.75786E-06
0.002933001,0.002933001,0.688189132,0.688189132,9,9,0.81,0.81,-2.86732E-06,-2.86732E-06
-9999,-9999,0.599536407,0.599536407,9,9,0.81,0.81,-2.67553E-06,-2.67553E-06
0.003316218,0.003316218,0.709273141,0.709273141,9,9,0.81,0.81,-2.52774E-06,-2.52774E-06
0.002760583,0.002760583,0.768693024,0.768693024,9,9,0.81,0.81,-2.57115E-06,-2.57115E-06
0.001974004,0.001974004,0.795744935,0.795744935,9,9,0.81,0.81,-2.59088E-06,-2.59088E-06
0.00303975,0.00303975,0.8266081,0.8266081,9,9,0.81,0.81,-2.37162E-06,-2.37162E-06
0.001404276,0.001404276,0.809090438,0.809090438,9,9,0.81,0.81,-3.11171E-06,-3.11171E-06
0.006809306,0.006809306,0.760504251,0.760504251,9,9,0.81,0.81,-3.21827E-06,-3.21827E-06
0.00680006,0.00680006,0.749705678,0.749705678,9,9,0.81,0.81,-3.06318E-06,-3.06318E-06
0.005907194,0.005907194,0.766758356,0.766758356,9,9,0.81,0.81,-2.81938E-06,-2.81938E-06
0.020347779,0.020347779,0.773307446,0.773307446,9,9,0.81,0.81,-2.78873E-06,-2.78873E-06
0.0051404,0.0051404,0.783507552,0.783507552,9,9,0.81,0.81,-3.27887E-06,-3.27887E-06
0.003797665,0.003797665,0.789751786,0.789751786,9,9,0.81,0.81,-2.47207E-06,-2.47207E-06
0.004208989,0.004208989,0.784643678,0.784643678,9,9,0.81,0.81,-2.90748E-06,-2.90748E-06
0.00300803,0.00300803,0.816978436,0.816978436,9,9,0.81,0.81,-2.52937E-06,-2.52937E-06
-9999,-9999,0.720714226,0.720714226,9,9,0.81,0.81,-2.87287E-06,-2.87287E-06
0.006242951,0.006242951,0.58101856,0.58101856,9,9,0.81,0.81,-2.06276E-06,-2.06276E-06
0.01876164,0.01876164,0.498890035,0.498890035,9,9,0.81,0.81,-1.94546E-06,-1.94546E-06
0.01878966,0.01878966,0.406495436,0.406495436,9,9,0.81,0.81,-1.88738E-06,-1.88738E-06
0.022971798,0.022971798,0.382229686,0.382229686,9,9,0.81,0.81,-1.80233E-06,-1.80233E-06
0.027948686,0.027948686,0.399211639,0.399211639,9,9,0.81,0.81,-1.83208E-06,-1.83208E-06
0.021687362,0.021687362,0.374011558,0.374011558,9,9,0.81,0.81,-1.75913E-06,-1.75913E-06
0.017930437,0.017930437,0.426942652,0.426942652,9,9,0.81,0.81,-1.87181E-06,-1.87181E-06
0.015413445,0.015413445,0.525472417,0.525472417,9,9,0.81,0.81,-2.3397E-06,-2.3397E-06
-9999,-9999,0.661826675,0.661826675,9,9,0.81,0.81,-6.31887E-06,-6.31887E-06

