189.3125,7,41.1797,-96.4397,100,379.4949495,751.4,20.51,395.91,78.8,3.49,2.483842499,0
189.3541667,8,41.1797,-96.4397,100,563.2828283,1115.3,22.7,377.79,72.9,4.02,2.491535744,0
189.3958333,9,41.1797,-96.4397,100,743.5858586,1472.3,24.69,367.05,67.4,3.77,2.49922897,0
189.4375,10,41.1797,-96.4397,100,865.4545455,1713.6,26.06,364.2,66.4,3.1,2.506922215,0
189.4791667,11,41.1797,-96.4397,100,965.3030303,1911.3,27.52,356.96,64.9,3.39,2.51461546,0
189.5208333,12,41.1797,-96.4397,100,988.8383838,1957.9,28.63,350.5,63.7,4.07,2.522308686,0
189.5625,13,41.1797,-96.4397,100,945.1515152,1871.4,29.13,348.21,60.8,4.75,2.530001931,0
189.6041667,14,41.1797,-96.4397,100,831.6666667,1646.7,29.56,352.82,53.1,4.65,2.537695176,0
189.6458333,15,41.1797,-96.4397,100,706.5151515,1398.9,29.75,353.97,51.1,4.62,2.545388402,0
189.6875,16,41.1797,-96.4397,100,536.010101,1061.3,29.86,357.19,49.2,4.24,2.553081647,0
190.3125,7,41.1797,-96.4397,100,349.5454545,692.1,22.31,405.03,80.8,3.21,2.668480227,0
190.3541667,8,41.1797,-96.4397,100,544.2929293,1077.7,24.46,388.78,73.3,3.89,2.676173472,0
190.3958333,9,41.1797,-96.4397,100,734.5959596,1454.5,26.44,382.33,68.3,4.01,2.683866698,0
190.4375,10,41.1797,-96.4397,100,859.1414141,1701.1,28.49,371.47,64.3,3.38,2.691559943,0
190.4791667,11,41.1797,-96.4397,100,977.1212121,1934.7,30.09,364.72,59.4,3.33,2.699253188,0
190.5208333,12,41.1797,-96.4397,100,1005.252525,1990.4,31.24,359.51,56.5,3.44,2.706946415,0
190.5625,13,41.1797,-96.4397,100,961.6161616,1904,31.82,356.64,54.9,3.63,2.714639659,0
190.6041667,14,41.1797,-96.4397,100,848.1313131,1679.3,32.1,353.25,54.5,3.63,2.722332904,0
190.6458333,15,41.1797,-96.4397,100,723.1818182,1431.9,32.11,354.19,52.4,3.53,2.730026131,0
190.6875,16,41.1797,-96.4397,100,558.4848485,1105.8,32.04,359.73,49.8,3,2.737719375,0
191.3125,7,41.1797,-96.4397,100,393.1313131,778.4,22.84,624,86.2,1.27,2.853117956,0
191.3541667,8,41.1797,-96.4397,100,574.5454545,1137.6,26.07,500.91,73.5,1.4,2.860811201,0
191.3958333,9,41.1797,-96.4397,100,760.8585859,1506.5,28.55,442.14,66.1,1.68,2.868504427,0
191.4375,10,41.1797,-96.4397,100,841.9191919,1667,30.5,402.78,57.1,1.39,2.876197672,0
191.4791667,11,41.1797,-96.4397,100,994.8989899,1969.9,31.62,387.49,54.5,1.48,2.883890917,0
191.5208333,12,41.1797,-96.4397,100,1015.858586,2011.4,32.25,381.87,51.9,1.47,2.891584143,0
191.5625,13,41.1797,-96.4397,100,983.8383838,1948,32.55,377.31,49.2,1.73,2.899277388,0
191.6041667,14,41.1797,-96.4397,100,850.0505051,1683.1,32.64,374.7,49.5,2.35,2.906970633,0
191.6458333,15,41.1797,-96.4397,100,711.3636364,1408.5,32.61,372.66,48.3,2.29,2.914663859,0
191.6875,16,41.1797,-96.4397,100,544.0909091,1077.3,32.28,370.81,51.3,2.56,2.922357104,0
192.3125,7,41.1797,-96.4397,100,374.2424242,741,25.59,417.47,79.8,3.14,3.037755684,0
192.3541667,8,41.1797,-96.4397,100,558.8888889,1106.6,27.9,395.84,73.7,3.42,3.045448929,0
192.3958333,9,41.1797,-96.4397,100,744.2424242,1473.6,29.88,380.55,67.4,3.84,3.053142155,0
192.4375,10,41.1797,-96.4397,100,870.959596,1724.5,31.24,372.61,63.2,4.08,3.0608354,0
192.4791667,11,41.1797,-96.4397,100,968.2323232,1917.1,31.94,368.21,59.4,5.03,3.068528645,0
192.5208333,12,41.1797,-96.4397,100,996.3636364,1972.8,32.4,365.86,58.5,5.2,3.076221871,0
192.5625,13,41.1797,-96.4397,100,930.5050505,1842.4,32.72,366.65,56.4,5.08,3.083915116,0
192.6041667,14,41.1797,-96.4397,100,844.4444444,1672,32.98,366.64,55,5.18,3.091608361,0
192.6458333,15,41.1797,-96.4397,100,714.2424242,1414.2,33.12,366.91,54.4,4.84,3.099301588,0
192.6875,16,41.1797,-96.4397,100,538.1313131,1065.5,33.04,368.28,55.5,4.04,3.106994832,0
193.3125,7,41.1797,-96.4397,100,384.6969697,761.7,26.68,426.73,77.7,2.93,3.222393413,0
193.3541667,8,41.1797,-96.4397,100,569.1919192,1127,28.44,407.76,73.6,2.46,3.230086657,0
193.3958333,9,41.1797,-96.4397,100,751.4646465,1487.9,30.04,388.34,68.7,3.61,3.237779884,0
193.4375,10,41.1797,-96.4397,100,873.4848485,1729.5,31.23,378.37,63.9,4.45,3.245473129,0
193.4791667,11,41.1797,-96.4397,100,963.2828283,1907.3,32.18,372.41,59.9,4.68,3.253166374,0
193.5208333,12,41.1797,-96.4397,100,989.2424242,1958.7,32.69,368.75,56.6,5.39,3.2608596,0
193.5625,13,41.1797,-96.4397,100,943.7373737,1868.6,33.21,366.69,54.6,4.84,3.268552845,0
193.6041667,14,41.1797,-96.4397,100,809.7979798,1603.4,33.46,366.94,54.4,4.45,3.27624609,0
193.6458333,15,41.1797,-96.4397,100,702.4242424,1390.8,33.53,367.52,53.2,4.39,3.283939316,0
193.6875,16,41.1797,-96.4397,100,535.8585859,1061,33.45,369.61,54.4,3.47,3.291632561,0
194.3125,7,41.1797,-96.4397,100,330.8080808,655,23.81,416.92,86.5,3.51,3.407031141,0
194.3541667,8,41.1797,-96.4397,100,376.3131313,745.1,25.53,412.65,83.8,3.03,3.414724386,0
194.3958333,9,41.1797,-96.4397,100,410.959596,813.7,27.42,407.44,75.4,3.27,3.422417612,0
194.4375,10,41.1797,-96.4397,100,215.7070707,427.1,25.69,400.56,89.4,2.49,3.430110857,0
194.4791667,11,41.1797,-96.4397,100,327.2222222,647.9,25.34,398.56,97.9,2.57,3.437804102,0
194.5208333,12,41.1797,-96.4397,100,437.6262626,866.5,26.07,392.3,89.7,3.36,3.445497328,0
194.5625,13,41.1797,-96.4397,100,486.8181818,963.9,26.21,385.39,82.4,4.5,3.453190573,0
194.6041667,14,41.1797,-96.4397,100,673.9393939,1334.4,26.36,380.09,79.3,4.23,3.460883818,0
194.6458333,15,41.1797,-96.4397,100,567.7777778,1124.2,26.54,378.48,77.8,4.55,3.468577044,0
194.6875,16,41.1797,-96.4397,100,535.0505051,1059.4,26.32,380.5,77.1,4.64,3.476270289,0
195.3125,7,41.1797,-96.4397,100,217.4242424,430.5,20.49,483.19,99.9,2.49,3.59166887,0
195.3541667,8,41.1797,-96.4397,100,435.959596,863.2,21.94,420.1,98.6,2.79,3.599362114,0
195.3958333,9,41.1797,-96.4397,100,495.1010101,980.3,24.4,393.51,79.7,2.6,3.607055341,0
195.4375,10,41.1797,-96.4397,100,615.2020202,1218.1,25.8,391.21,71.7,2.83,3.614748586,0
195.4791667,11,41.1797,-96.4397,100,894.3434343,1770.8,27.24,388.14,64.8,2.18,3.62244183,0
195.5208333,12,41.1797,-96.4397,100,706.8181818,1399.5,27.73,391.6,61,1.53,3.630135057,0
195.5625,13,41.1797,-96.4397,100,639.4949495,1266.2,28.05,396.36,60.7,1.11,3.637828302,0
195.6041667,14,41.1797,-96.4397,100,564.7474747,1118.2,28.31,399.99,59.6,1.16,3.645521547,0
195.6458333,15,41.1797,-96.4397,100,481.2626263,952.9,28.67,397.9,57.6,1.16,3.653214773,0
195.6875,16,41.1797,-96.4397,100,445.6060606,882.3,28.99,399.32,57.8,1.01,3.660908018,0
196.3125,7,41.1797,-96.4397,100,385,762.3,22.99,587.61,85.7,0.98,3.776306598,0
196.3541667,8,41.1797,-96.4397,100,590.8585859,1169.9,25.9,488.72,77.3,0.98,3.783999843,0
196.3958333,9,41.1797,-96.4397,100,746.5151515,1478.1,27.59,438.84,67,1.1,3.791693069,0
196.4375,10,41.1797,-96.4397,100,898.8383838,1779.7,28.97,407.63,61.5,1.4,3.798861268,0
196.4791667,11,41.1797,-96.4397,100,880.3030303,1743,29.64,385.37,59.8,2.14,3.799428948,0
196.5208333,12,41.1797,-96.4397,100,798.6363636,1581.3,29.81,377.23,59,1.87,3.799996627,0
196.5625,13,41.1797,-96.4397,100,938.1313131,1857.5,30.36,374.99,56,2.39,3.800564307,0
196.6041667,14,41.1797,-96.4397,100,767.1212121,1518.9,30.52,378.09,53.5,2.18,3.801131988,0
196.6458333,15,41.1797,-96.4397,100,645.959596,1279,30.68,383.12,50.7,1.92,3.801699666,0
196.6875,16,41.1797,-96.4397,100,488.5353535,967.3,30.46,383.47,48.3,1.73,3.802267347,0
197.3125,7,41.1797,-96.4397,100,172.3232323,341.2,21.37,426.9,93.7,3.49,3.810782544,0
197.3541667,8,41.1797,-96.4397,100,458.1313131,907.1,22.92,409.05,86.3,3.08,3.811350224,0
197.3958333,9,41.1797,-96.4397,100,513.030303,1015.8,24.12,401.04,81.2,2.25,3.811917903,0
197.4375,10,41.1797,-96.4397,100,776.969697,1538.4,25.78,385.13,74.4,2.24,3.812485583,0
197.4791667,11,41.1797,-96.4397,100,986.4141414,1953.1,26.65,373.73,70.5,2.25,3.813053264,0
197.5208333,12,41.1797,-96.4397,100,831.6161616,1646.6,27.35,364.5,69.3,2.57,3.813620943,0
197.5625,13,41.1797,-96.4397,100,772.9292929,1530.4,27.65,361.99,69.6,2.36,3.814188623,0
197.6041667,14,41.1797,-96.4397,100,859.2929293,1701.4,28.66,366.31,66.3,1.54,3.814756303,0
197.6458333,15,41.1797,-96.4397,100,561.8181818,1112.4,28.82,371.32,67.1,1.36,3.815323982,0
197.6875,16,41.1797,-96.4397,100,549.8484848,1088.7,29.44,376.43,64.9,1.25,3.815891662,0
198.3125,7,41.1797,-96.4397,100,51.06060606,101.1,20.92,444.71,82.9,2.01,3.824406859,0
198.3541667,8,41.1797,-96.4397,100,35.85858586,71,20.51,434.25,89.4,2.85,3.82497454,0
198.3958333,9,41.1797,-96.4397,100,40.60606061,80.4,19.15,434.98,98.4,3.03,3.825542219,0
198.4375,10,41.1797,-96.4397,100,173.4848485,343.5,19.3,421.6,99.8,3.21,3.826109899,0
198.4791667,11,41.1797,-96.4397,100,261.969697,518.7,19.88,392,99.9,2.87,3.826677579,0
198.5208333,12,41.1797,-96.4397,100,376.969697,746.4,20.38,381.71,99.9,4.24,3.827245258,0
198.5625,13,41.1797,-96.4397,100,424.6464646,840.8,21.2,379.44,99.9,3.42,3.827812938,0
198.6041667,14,41.1797,-96.4397,100,653.1313131,1293.2,22.79,380.73,99.8,2.18,3.828380619,0
198.6458333,15,41.1797,-96.4397,100,471.4646465,933.5,23.36,373.03,92.1,2.9,3.828948297,0
198.6875,16,41.1797,-96.4397,100,487.020202,964.3,24.15,373.95,82.8,2.89,3.829515978,0
199.3125,7,41.1797,-96.4397,100,120.1010101,237.8,20.46,475.31,95.5,1.62,3.838031175,0
199.3541667,8,41.1797,-96.4397,100,293.9393939,582,21.76,414,89.8,2.54,3.838598855,0
199.3958333,9,41.1797,-96.4397,100,594.6464646,1177.4,23.64,383.01,82.2,3.01,3.839166534,0
199.4375,10,41.1797,-96.4397,100,833.2323232,1649.8,25.45,375.27,73.8,3.51,3.839734214,0
199.4791667,11,41.1797,-96.4397,100,921.3131313,1824.2,26.66,363.76,72.8,3.96,3.840301895,0
199.5208333,12,41.1797,-96.4397,100,681.6161616,1349.6,26.83,358.64,72.7,4.67,3.840869574,0
199.5625,13,41.1797,-96.4397,100,768.4343434,1521.5,26.93,358.45,70.8,4.57,3.841437254,0
199.6041667,14,41.1797,-96.4397,100,572.979798,1134.5,26.98,360.47,73.5,3.66,3.842004934,0
199.6458333,15,41.1797,-96.4397,100,548.3333333,1085.7,27.11,360.2,73.2,4.3,3.842572613,0
199.6875,16,41.1797,-96.4397,100,464.8484848,920.4,27.22,359.9,70.1,4.76,3.843140293,0
200.3125,7,41.1797,-96.4397,100,354.7474747,702.4,23.47,413.58,99.8,3.46,3.85165549,0
200.3541667,8,41.1797,-96.4397,100,533.4343434,1056.2,25.54,393.56,99.8,5.2,3.852223171,0
200.3958333,9,41.1797,-96.4397,100,710.8585859,1407.5,26.77,388.88,92,6.2,3.85279085,0
200.4375,10,41.1797,-96.4397,100,850.959596,1684.9,26.86,389.41,72.6,6.38,3.85335853,0
200.4791667,11,41.1797,-96.4397,100,946.010101,1873.1,26.7,378.41,69.1,5.7,3.85392621,0
200.5208333,12,41.1797,-96.4397,100,977.1717172,1934.8,27.49,370.42,67.5,4.94,3.854493889,0
200.5625,13,41.1797,-96.4397,100,939.7979798,1860.8,28.25,366.58,65.4,3.83,3.855061569,0
200.6041667,14,41.1797,-96.4397,100,845.959596,1675,28.89,364.94,63.6,3.24,3.85562925,0
200.6458333,15,41.1797,-96.4397,100,699.6464646,1385.3,29.34,365.09,61.6,3.34,3.856196928,0
200.6875,16,41.1797,-96.4397,100,527.5252525,1044.5,29.52,364.06,60.7,3.49,3.856764609,0
201.3125,7,41.1797,-96.4397,100,370.3030303,733.2,21.26,422.21,76,2.35,3.865279806,0
201.3541667,8,41.1797,-96.4397,100,552.3232323,1093.6,23.24,403.39,69.7,2.21,3.865847486,0
201.3958333,9,41.1797,-96.4397,100,735.3030303,1455.9,24.69,388.28,63.6,2.88,3.866415165,0
201.4375,10,41.1797,-96.4397,100,864.1414141,1711,25.49,379.89,62.4,3.05,3.866982845,0
201.4791667,11,41.1797,-96.4397,100,750.3030303,1485.6,26.38,372.78,60.1,2.32,3.867550526,0
201.5208333,12,41.1797,-96.4397,100,803.7878788,1591.5,26.82,364.85,61.7,3.47,3.868118205,0
201.5625,13,41.1797,-96.4397,100,478.5858586,947.6,26.62,361.07,62.1,3.03,3.868685885,0
201.6041667,14,41.1797,-96.4397,100,450,891,26.61,366.25,62.2,2.67,3.869253565,0
201.6458333,15,41.1797,-96.4397,100,684.8484848,1356,27.87,363.55,62.2,2.11,3.869821244,0
201.6875,16,41.1797,-96.4397,100,544.4444444,1078,28.02,367.29,60.8,2.91,3.870388924,0
202.3125,7,41.1797,-96.4397,100,377.4242424,747.3,21.14,457.62,86.7,2.71,3.878904121,0
202.3541667,8,41.1797,-96.4397,100,561.8686869,1112.5,22.94,412.66,78.3,3.24,3.879471802,0
202.3958333,9,41.1797,-96.4397,100,744.1414141,1473.4,24.49,389.98,69.4,3.84,3.880039481,0
202.4375,10,41.1797,-96.4397,100,870.1515152,1722.9,25.6,382.42,64.7,3.8,3.880607161,0
202.4791667,11,41.1797,-96.4397,100,959.7979798,1900.4,26.55,377.3,61.8,4.02,3.881174841,0
202.5208333,12,41.1797,-96.4397,100,1007.424242,1994.7,27.03,375.77,59.5,3.76,3.88174252,0
202.5625,13,41.1797,-96.4397,100,872.8787879,1728.3,27.46,376.41,59,3.1,3.8823102,0
202.6041667,14,41.1797,-96.4397,100,826.9191919,1637.3,27.92,376.51,58.7,2.89,3.882877881,0
202.6458333,15,41.1797,-96.4397,100,744.9494949,1475,28.06,378.56,59.3,2.76,3.883445559,0
202.6875,16,41.1797,-96.4397,100,370.4545455,733.5,27.38,387.47,59.3,2.25,3.88401324,0
203.3125,7,41.1797,-96.4397,100,301.1616162,596.3,20.45,439.06,88.8,1.56,3.892528437,0
203.3541667,8,41.1797,-96.4397,100,557.2727273,1103.4,22.04,422.22,84.4,1.43,3.893096117,0
203.3958333,9,41.1797,-96.4397,100,733.4343434,1452.2,23.96,388.99,75,2.47,3.893663796,0
203.4375,10,41.1797,-96.4397,100,782.3737374,1549.1,25.1,373.78,67.9,2.83,3.894231476,0
203.4791667,11,41.1797,-96.4397,100,728.6363636,1442.7,25.8,373.55,64.2,1.79,3.894799157,0
203.5208333,12,41.1797,-96.4397,100,995.4040404,1970.9,26.72,377.32,58.7,1.57,3.895366836,0
203.5625,13,41.1797,-96.4397,100,946.2121212,1873.5,27.38,379.63,58.9,1.52,3.895934516,0
203.6041667,14,41.1797,-96.4397,100,861.4141414,1705.6,27.81,380.78,57.3,1.35,3.896502196,0
203.6458333,15,41.1797,-96.4397,100,579.4949495,1147.4,27.86,382.65,58.7,1.95,3.897069875,0
203.6875,16,41.1797,-96.4397,100,514.2424242,1018.2,27.98,383.77,58.7,2.08,3.898045444,0
204.3125,7,41.1797,-96.4397,100,133.0808081,263.5,21.54,547.68,90.7,1.32,3.927539458,0
204.3541667,8,41.1797,-96.4397,100,247.2222222,489.5,22.52,496.19,83.1,1.64,3.929505727,0
204.3958333,9,41.1797,-96.4397,100,419.1919192,830,23.96,439.54,75.2,2.35,3.931471992,0
204.4375,10,41.1797,-96.4397,100,282.7272727,559.8,24.2,415.19,75.4,2.06,3.933438261,0
204.4791667,11,41.1797,-96.4397,100,471.969697,934.5,25.41,400.69,72.1,1.6,3.93540453,0
204.5208333,12,41.1797,-96.4397,100,520.5050505,1030.6,25.94,381.13,70.8,1.99,3.937370794,0
204.5625,13,41.1797,-96.4397,100,697.0707071,1380.2,26.95,371.06,70.7,2.45,3.939337063,0
204.6041667,14,41.1797,-96.4397,100,740.8080808,1466.8,27.92,370.23,69.4,2.68,3.941303333,0
204.6458333,15,41.1797,-96.4397,100,610.6060606,1209,28.36,362.75,67.8,3.01,3.943269597,0
204.6875,16,41.1797,-96.4397,100,551.2121212,1091.4,28.69,359.9,66.9,3.37,3.945235866,0
205.3125,7,41.1797,-96.4397,100,320.1010101,633.8,19.52,451.65,85.3,2.21,3.97472988,0
205.3541667,8,41.1797,-96.4397,100,503.5858586,997.1,21.86,412.22,77.9,1.98,3.976696149,0
205.3958333,9,41.1797,-96.4397,100,682.8787879,1352.1,24.17,393.76,67.8,1.8,3.978662414,0
205.4375,10,41.1797,-96.4397,100,860.3535354,1703.5,25.68,378.8,60.3,2.61,3.980628683,0
205.4791667,11,41.1797,-96.4397,100,940.5555556,1862.3,26.29,378.97,54.4,2.93,3.982594952,0
205.5208333,12,41.1797,-96.4397,100,980.6060606,1941.6,26.71,378.21,52.1,2.66,3.984561217,0
205.5625,13,41.1797,-96.4397,100,945.959596,1873,27.2,378.85,50.7,1.74,3.986527486,0
205.6041667,14,41.1797,-96.4397,100,845.2525253,1673.6,27.85,379.13,48.3,1.96,3.988493755,0
205.6458333,15,41.1797,-96.4397,100,708.3838384,1402.6,28.02,381.04,46.8,1.98,3.990460019,0
205.6875,16,41.1797,-96.4397,100,535,1059.3,28.1,382.2,45.8,1.72,3.992426289,0
206.3125,7,41.1797,-96.4397,100,56.36363636,111.6,18.7,477.37,85.6,3.42,4.021920302,0
206.3541667,8,41.1797,-96.4397,100,145.1515152,287.4,19.4,422.9,86.1,3.54,4.023886572,0
206.3958333,9,41.1797,-96.4397,100,230.3535354,456.1,20.81,398.84,80.5,3.05,4.025852836,0
206.4375,10,41.1797,-96.4397,100,468.8383838,928.3,22.1,384.68,75.9,3.38,4.027819105,0
206.4791667,11,41.1797,-96.4397,100,689.040404,1364.3,24.41,372.85,66.5,4.01,4.029785374,0
206.5208333,12,41.1797,-96.4397,100,508.5353535,1006.9,24.3,367.29,67.3,3.26,4.031751639,0
206.5625,13,41.1797,-96.4397,100,851.4646465,1685.9,25.05,371.29,68.9,2.65,4.033717908,0
206.6041667,14,41.1797,-96.4397,100,311.969697,617.7,24.55,375.31,71,1.91,4.035684177,0
206.6458333,15,41.1797,-96.4397,100,721.1616162,1427.9,26.3,377.11,67.2,2.27,4.037650442,0
206.6875,16,41.1797,-96.4397,100,553.030303,1095,27.24,367.79,68.3,2.96,4.039616711,0
207.3125,7,41.1797,-96.4397,100,94.54545455,187.2,18.03,509.41,95.9,2.01,4.069110725,0
207.3541667,8,41.1797,-96.4397,100,145.4040404,287.9,19.09,470.31,92.2,1.66,4.071076994,0
207.3958333,9,41.1797,-96.4397,100,314.7474747,623.2,20.89,430.75,83.3,2.16,4.073043258,0
207.4375,10,41.1797,-96.4397,100,698.2323232,1382.5,22.87,391.84,73.6,2.48,4.075009528,0
207.4791667,11,41.1797,-96.4397,100,938.7373737,1858.7,24.77,377.74,60.2,2.24,4.076975797,0
207.5208333,12,41.1797,-96.4397,100,894.4444444,1771,25.85,371.47,58.1,2.77,4.078942061,0
207.5625,13,41.1797,-96.4397,100,774.5454545,1533.6,26.49,357.11,56.7,3.44,4.08090833,0
207.6041667,14,41.1797,-96.4397,100,766.4141414,1517.5,26.78,358.36,52.2,4.11,4.082874599,0
207.6458333,15,41.1797,-96.4397,100,640.5555556,1268.3,26.93,361.44,51.2,3.84,4.084840864,0
207.6875,16,41.1797,-96.4397,100,447.5252525,886.1,26.68,364.49,50.7,4.05,4.086807133,0
208.3125,7,41.1797,-96.4397,100,366.8181818,726.3,17.6,471.17,82.7,0.94,4.116301147,0
208.3541667,8,41.1797,-96.4397,100,560.959596,1110.7,19.54,438.91,70.8,1.02,4.118267416,0
208.3958333,9,41.1797,-96.4397,100,737.5252525,1460.3,20.95,419.93,67.9,1.25,4.120233681,0
208.4375,10,41.1797,-96.4397,100,863.2323232,1709.2,22.08,408.94,61.6,1.71,4.12219995,0
208.4791667,11,41.1797,-96.4397,100,896.5151515,1775.1,23.08,398.61,58.8,1.73,4.124166219,0
208.5208333,12,41.1797,-96.4397,100,825.2020202,1633.9,23.5,392.05,58.2,1.76,4.126132483,0
208.5625,13,41.1797,-96.4397,100,869.1919192,1721,23.98,393.17,57.6,1.32,4.128098753,0
208.6041667,14,41.1797,-96.4397,100,731.3131313,1448,24.73,393.62,57.6,1.24,4.130065022,0
208.6458333,15,41.1797,-96.4397,100,478.2828283,947,24.99,390.77,57.9,1.3,4.132031286,0
208.6875,16,41.1797,-96.4397,100,242.6262626,480.4,24.49,384.99,59.1,1.91,4.133997555,0
209.3125,7,41.1797,-96.4397,100,269.9494949,534.5,17.37,406.91,99.9,2.85,4.163491569,0
209.3541667,8,41.1797,-96.4397,100,226.6666667,448.8,17.9,404.03,99.9,2.76,4.165457838,0
209.3958333,9,41.1797,-96.4397,100,307.4242424,608.7,18.46,400.28,99.9,2.42,4.167424103,0
209.4375,10,41.1797,-96.4397,100,350.959596,694.9,18.72,400,99.9,2.37,4.169390372,0
209.4791667,11,41.1797,-96.4397,100,645.2020202,1277.5,19.96,396.36,99.9,2.54,4.171356641,0
209.5208333,12,41.1797,-96.4397,100,905.959596,1793.8,21.48,401.22,99.9,3.42,4.173322906,0
209.5625,13,41.1797,-96.4397,100,827.6767677,1638.8,22.29,395.66,99.7,2.74,4.175289175,0
209.6041667,14,41.1797,-96.4397,100,720.5050505,1426.6,22.97,399.87,95.1,3,4.177255444,0
209.6458333,15,41.1797,-96.4397,100,336.7676768,666.8,23.11,397.58,91.5,2.53,4.179221708,0
209.6875,16,41.1797,-96.4397,100,211.969697,419.7,22.52,399.27,99.8,2.74,4.181187978,0
210.3125,7,41.1797,-96.4397,100,292.7777778,579.7,19.11,456.09,93.1,2.34,4.210681992,0
210.3541667,8,41.1797,-96.4397,100,437.8787879,867,20.35,431.55,87.1,2.7,4.212648261,0
210.3958333,9,41.1797,-96.4397,100,550.8585859,1090.7,21.7,416.45,81.6,2.19,4.214614525,0
210.4375,10,41.1797,-96.4397,100,689.5454545,1365.3,22.89,405.77,76,2.63,4.216580794,0
210.4791667,11,41.1797,-96.4397,100,714.4444444,1414.6,23.57,397.98,72.7,2.65,4.218547064,0
210.5208333,12,41.1797,-96.4397,100,814.4949495,1612.7,24.25,391.42,69.1,3.12,4.220513328,0
210.5625,13,41.1797,-96.4397,100,494.8484848,979.8,24.19,386.53,64.9,3.1,4.222479597,0
210.6041667,14,41.1797,-96.4397,100,579.3434343,1147.1,24.39,382.32,63.2,3.53,4.224445866,0
210.6458333,15,41.1797,-96.4397,100,514.5454545,1018.8,24.64,380.21,61.9,3.43,4.226412131,0
210.6875,16,41.1797,-96.4397,100,278.2323232,550.9,24.31,385.98,61.1,2.39,4.2283784,0
211.3125,7,41.1797,-96.4397,100,289.3939394,573,18.71,511.48,89.6,2.61,4.257872414,0
211.3541667,8,41.1797,-96.4397,100,519.8989899,1029.4,20.8,470.86,82.3,1.66,4.259838683,0
211.3958333,9,41.1797,-96.4397,100,708.6868687,1403.2,22.41,442.21,76.5,1.91,4.261804947,0
211.4375,10,41.1797,-96.4397,100,808.9393939,1601.7,23.61,418.63,67.1,2.34,4.263771217,0
211.4791667,11,41.1797,-96.4397,100,928.9393939,1839.3,24.53,400.81,58.2,2.9,4.265737486,0
211.5208333,12,41.1797,-96.4397,100,898.8383838,1779.7,24.8,389.68,56.5,3.32,4.26770375,0
211.5625,13,41.1797,-96.4397,100,937.6767677,1856.6,25.34,386.09,54.2,3.55,4.269670019,0
211.6041667,14,41.1797,-96.4397,100,778.8383838,1542.1,25.47,382.91,54.1,3.56,4.271636289,0
211.6458333,15,41.1797,-96.4397,100,640.1515152,1267.5,25.64,385.59,50.9,3.84,4.273602553,0
211.6875,16,41.1797,-96.4397,100,462.2727273,915.3,25.29,381.01,57.2,4.64,4.275568822,0
212.3125,7,41.1797,-96.4397,100,376.5656566,745.6,17.79,435.21,88.8,2.98,4.305062836,0
212.3541667,8,41.1797,-96.4397,100,560.1010101,1109,20.67,410.18,79.2,2.28,4.307029105,0
212.3958333,9,41.1797,-96.4397,100,742.5252525,1470.2,22.82,403.15,68.4,2.22,4.30899537,0
212.4375,10,41.1797,-96.4397,100,876.7171717,1735.9,24.17,394.57,63.2,1.87,4.310961639,0
212.4791667,11,41.1797,-96.4397,100,837.5757576,1658.4,25,385.51,60.3,1.96,4.312927908,0
212.5208333,12,41.1797,-96.4397,100,839.4949495,1662.2,25.33,386.02,58.4,1.71,4.314894173,0
212.5625,13,41.1797,-96.4397,100,918.0808081,1817.8,26.33,383.96,52.3,2.02,4.316860442,0
212.6041667,14,41.1797,-96.4397,100,794.7979798,1573.7,26.55,380.33,50,1.95,4.318826711,0
212.6458333,15,41.1797,-96.4397,100,667.7777778,1322.2,26.63,381.98,52.1,2.17,4.320792975,0
212.6875,16,41.1797,-96.4397,100,537.979798,1065.2,26.76,383.3,50.8,1.94,4.322759244,0
213.3125,7,41.1797,-96.4397,100,351.0606061,695.1,17.98,638.96,85.6,2.03,4.352253258,0
213.3541667,8,41.1797,-96.4397,100,520.5050505,1030.6,20.97,501.3,74.2,3.28,4.354219528,0
213.3958333,9,41.1797,-96.4397,100,713.5353535,1412.8,23.69,432.17,67,3.72,4.356185792,0
213.4375,10,41.1797,-96.4397,100,841.1616162,1665.5,25.73,394.81,61.7,3.97,4.358152061,0
213.4791667,11,41.1797,-96.4397,100,935.8080808,1852.9,27.28,381.81,58.1,3.05,4.36011833,0
213.5208333,12,41.1797,-96.4397,100,945.3535354,1871.8,28.02,376.97,56.5,3.78,4.362084595,0
213.5625,13,41.1797,-96.4397,100,873.3838384,1729.3,28.5,372.93,55.9,4.34,4.364050864,0
213.6041667,14,41.1797,-96.4397,100,756.010101,1496.9,28.77,369.46,54.9,4.76,4.366017133,0
213.6458333,15,41.1797,-96.4397,100,651.7171717,1290.4,29.22,367.26,53.7,4.63,4.367983398,0
213.6875,16,41.1797,-96.4397,100,501.8181818,993.6,29.5,368.54,52,4.38,4.369949667,0
214.3125,7,41.1797,-96.4397,100,316.5656566,626.8,19.17,456.92,84.4,1.82,4.361685796,0
214.3541667,8,41.1797,-96.4397,100,366.7676768,726.2,20.68,445.45,82.5,2.09,4.36093052,0
214.3958333,9,41.1797,-96.4397,100,504.5959596,999.1,21.96,430.77,79,2.9,4.360175246,0
214.4375,10,41.1797,-96.4397,100,808.2323232,1600.3,24.04,410.62,71.9,3.4,4.359419969,0
214.4791667,11,41.1797,-96.4397,100,898.9393939,1779.9,25.45,399.27,69,3.28,4.358664693,0
214.5208333,12,41.1797,-96.4397,100,938.0808081,1857.4,26.79,395.68,67.6,3.05,4.357909419,0
214.5625,13,41.1797,-96.4397,100,903.4848485,1788.9,27.93,395.29,65,2.83,4.357154143,0
214.6041667,14,41.1797,-96.4397,100,824.7474747,1633,28.89,396.42,64.3,3.4,4.356398866,0
214.6458333,15,41.1797,-96.4397,100,654.6464646,1296.2,29.72,396.27,62.3,3.39,4.355643592,0
214.6875,16,41.1797,-96.4397,100,480.7575758,951.9,29.99,401.33,57.1,3.51,4.354888316,0
215.3125,7,41.1797,-96.4397,100,343.7373737,680.6,22.07,486.7,76.1,3.62,4.343559182,0
215.3541667,8,41.1797,-96.4397,100,510.7575758,1011.3,24.3,433.84,69.6,3.96,4.342803906,0
215.3958333,9,41.1797,-96.4397,100,592.8282828,1173.8,25.94,406.12,65.5,4.51,4.342048631,0
215.4375,10,41.1797,-96.4397,100,771.0606061,1526.7,27.43,391.83,63.1,4.47,4.341293355,0
215.4791667,11,41.1797,-96.4397,100,918.6363636,1818.9,29.3,383.32,59.5,4.6,4.340538079,0
215.5208333,12,41.1797,-96.4397,100,941.4141414,1864,30.41,379.87,56.4,4.95,4.339782804,0
215.5625,13,41.1797,-96.4397,100,804.5959596,1593.1,30.65,379.73,53.9,6.09,4.339027528,0
215.6041667,14,41.1797,-96.4397,100,753.5858586,1492.1,31.23,379.89,51.6,6.08,4.338272252,0
215.6458333,15,41.1797,-96.4397,100,625.9090909,1239.3,31.37,384.1,50.6,5.72,4.337516978,0
215.6875,16,41.1797,-96.4397,100,463.3333333,917.4,31.45,390.55,48.1,5.19,4.336761701,0
216.3125,7,41.1797,-96.4397,100,205.3535354,406.6,20.37,432.25,99.8,4.15,4.325432567,0
216.3541667,8,41.1797,-96.4397,100,158.0808081,313,21.13,427.17,99.9,5.04,4.324677291,0
216.3958333,9,41.1797,-96.4397,100,299.9494949,593.9,21.56,410.45,99.9,5.98,4.323922017,0
216.4375,10,41.1797,-96.4397,100,627.6262626,1242.7,23.59,395.17,92,5.51,4.323166741,0
216.4791667,11,41.1797,-96.4397,100,715.2525253,1416.2,24.82,386.53,75.7,5.72,4.322411464,0
216.5208333,12,41.1797,-96.4397,100,682.979798,1352.3,25.86,381.75,71.3,5.38,4.32165619,0
216.5625,13,41.1797,-96.4397,100,564.2929293,1117.3,26.13,382.32,68.1,5.25,4.320900914,0
216.6041667,14,41.1797,-96.4397,100,816.7676768,1617.2,27.27,381.06,65.1,5.72,4.320145638,0
216.6458333,15,41.1797,-96.4397,100,674.4949495,1335.5,28.1,380.04,64.3,5.34,4.319390363,0
216.6875,16,41.1797,-96.4397,100,486.969697,964.2,28.1,388.35,65.2,4.63,4.318635087,0
217.3125,7,41.1797,-96.4397,100,278.1818182,550.8,22.38,485.69,84.3,3.34,4.307305953,0
217.3541667,8,41.1797,-96.4397,100,467.8787879,926.4,24.09,454.15,76.9,4.06,4.306550677,0
217.3958333,9,41.1797,-96.4397,100,539.4949495,1068.2,25.7,432.15,69.7,3.64,4.305795402,0
217.4375,10,41.1797,-96.4397,100,563.989899,1116.7,26.81,416.63,64.8,3.86,4.305040126,0
217.4791667,11,41.1797,-96.4397,100,527.5252525,1044.5,27.92,405.5,62.7,3.52,4.30428485,0
217.5208333,12,41.1797,-96.4397,100,437.1717172,865.6,28.62,410.86,63.1,1.71,4.303529576,0
217.5625,13,41.1797,-96.4397,100,661.010101,1308.8,29.82,409.61,63.1,2.26,4.302774299,0
217.6041667,14,41.1797,-96.4397,100,477.1212121,944.7,30.68,408.19,57.3,1.06,4.302019023,0
217.6458333,15,41.1797,-96.4397,100,317.9292929,629.5,29.85,416.11,65,2.22,4.301263749,0
217.6875,16,41.1797,-96.4397,100,163.5353535,323.8,27.9,408.88,73.1,3.66,4.300508473,0
218.3125,7,41.1797,-96.4397,100,304.4949495,602.9,21.62,463.37,89.9,3.08,4.289179339,0
218.3541667,8,41.1797,-96.4397,100,468.6868687,928,22.92,448.39,84.5,3.24,4.288424062,0
218.3958333,9,41.1797,-96.4397,100,567.3737374,1123.4,23.74,439.17,81.1,2.52,4.287668788,0
218.4375,10,41.1797,-96.4397,100,665.4040404,1317.5,25.08,435.08,77.5,2.21,4.286913512,0
218.4791667,11,41.1797,-96.4397,100,850.5555556,1684.1,26.26,433.74,74.6,1.86,4.286158236,0
218.5208333,12,41.1797,-96.4397,100,922.4242424,1826.4,27.16,435.5,71.8,2,4.285402961,0
218.5625,13,41.1797,-96.4397,100,852.8282828,1688.6,28.01,438.34,68.4,1.69,4.284647685,0
218.6041667,14,41.1797,-96.4397,100,294.2424242,582.6,27.67,443.92,68.5,1.62,4.283892409,0
218.6458333,15,41.1797,-96.4397,100,35.05050505,69.4,25.8,439.59,77.1,2.25,4.283137134,0
218.6875,16,41.1797,-96.4397,100,-20.75757576,-41.1,23.79,468.07,91.3,2.83,4.282381858,0
219.3125,7,41.1797,-96.4397,100,127.3232323,252.1,20.66,523.83,99.3,2.46,4.271052724,0
219.3541667,8,41.1797,-96.4397,100,410.8585859,813.5,22.22,481.38,90.7,2.31,4.270297448,0
219.3958333,9,41.1797,-96.4397,100,589.6464646,1167.5,23.88,461.43,85.8,1.81,4.269542174,0
219.4375,10,41.1797,-96.4397,100,727.2222222,1439.9,25.69,423.27,76,3.04,4.268786897,0
219.4791667,11,41.1797,-96.4397,100,809.0909091,1602,26.79,399.39,70.2,2.82,4.268031621,0
219.5208333,12,41.1797,-96.4397,100,713.9393939,1413.6,27.2,395.29,67.3,2.52,4.267276347,0
219.5625,13,41.1797,-96.4397,100,778.0808081,1540.6,27.56,393.47,65.1,2.81,4.266521071,0
219.6041667,14,41.1797,-96.4397,100,767.4747475,1519.6,28.02,393.01,61.9,2.8,4.265765794,0
219.6458333,15,41.1797,-96.4397,100,610.5050505,1208.8,28.11,395.07,60.1,2.77,4.26501052,0
219.6875,16,41.1797,-96.4397,100,434.0909091,859.5,28.21,402.82,58.5,2.18,4.264255244,0
220.3125,7,41.1797,-96.4397,100,231.8686869,459.1,20.6,765.63,94.7,1.53,4.25292611,0
220.3541667,8,41.1797,-96.4397,100,390.1010101,772.4,22.89,616.16,86.7,2.46,4.252170834,0
220.3958333,9,41.1797,-96.4397,100,576.3131313,1141.1,24.78,523.59,80.3,3.53,4.251415559,0
220.4375,10,41.1797,-96.4397,100,803.3333333,1590.6,26.8,455.22,72,4.27,4.250660283,0
220.4791667,11,41.1797,-96.4397,100,907.4747475,1796.8,27.95,421.83,67.7,3.88,4.249905007,0
220.5208333,12,41.1797,-96.4397,100,938.989899,1859.2,28.93,412.07,64.4,3.39,4.249149732,0
220.5625,13,41.1797,-96.4397,100,778.2323232,1540.9,29.2,415.27,62.2,3.21,4.248394456,0
220.6041667,14,41.1797,-96.4397,100,799.5959596,1583.2,29.75,418.88,60.4,2.71,4.24763918,0
220.6458333,15,41.1797,-96.4397,100,598.5353535,1185.1,29.91,426.67,58.3,2.28,4.246883906,0
220.6875,16,41.1797,-96.4397,100,461.4141414,913.6,29.92,436.31,55.5,2.31,4.246128629,0
221.3125,7,41.1797,-96.4397,100,316.6161616,626.9,21.68,755.82,94.1,1.82,4.234799495,0
221.3541667,8,41.1797,-96.4397,100,503.7373737,997.4,24.63,578.75,84.5,2.23,4.234044219,0
221.3958333,9,41.1797,-96.4397,100,678.3333333,1343.1,27.09,483.75,76.5,2.22,4.233288945,0
221.4375,10,41.1797,-96.4397,100,816.010101,1615.7,28.79,442.67,70.1,1.97,4.232533669,0
221.4791667,11,41.1797,-96.4397,100,917.979798,1817.6,29.84,425.48,66.6,1.77,4.231778392,0
221.5208333,12,41.1797,-96.4397,100,941.1616162,1863.5,30.6,422.41,61.8,1.6,4.231023118,0
221.5625,13,41.1797,-96.4397,100,904.8484848,1791.6,31.35,426.75,56.7,1.47,4.230267842,0
221.6041667,14,41.1797,-96.4397,100,825.4040404,1634.3,31.73,424.36,52.5,1.78,4.229512566,0
221.6458333,15,41.1797,-96.4397,100,647.8787879,1282.8,31.83,421.83,54.4,1.94,4.228757291,0
221.6875,16,41.1797,-96.4397,100,469.6969697,930,31.82,426.07,54.4,1.67,4.228002015,0
222.3125,7,41.1797,-96.4397,100,264.4444444,523.6,21.25,533.34,90.3,1.65,4.216672881,0
222.3541667,8,41.1797,-96.4397,100,449.7979798,890.6,24.52,489.91,79.8,1.97,4.215917605,0
222.3958333,9,41.1797,-96.4397,100,629.1414141,1245.7,27.21,457.32,71.1,2.25,4.21516233,0
222.4375,10,41.1797,-96.4397,100,748.6868687,1482.4,28.49,435.82,66,2.55,4.214407054,0
222.4791667,11,41.1797,-96.4397,100,876.5656566,1735.6,29.27,421.08,61.7,2.96,4.213651778,0
222.5208333,12,41.1797,-96.4397,100,897.6767677,1777.4,29.27,394.19,57.2,3.11,4.212896504,0
222.5625,13,41.1797,-96.4397,100,844.040404,1671.2,30.34,367.8,55.4,2.58,4.212141227,0
222.6041667,14,41.1797,-96.4397,100,769.7979798,1524.2,30.95,367.82,53.7,2.39,4.211385951,0
222.6458333,15,41.1797,-96.4397,100,609.3434343,1206.5,31.35,367.84,53,2.23,4.210630677,0
222.6875,16,41.1797,-96.4397,100,416.7171717,825.1,30.75,367.34,55,2.39,4.209875401,0
223.3125,7,41.1797,-96.4397,100,238.2323232,471.7,20.54,684.77,99.5,-9999,4.198546267,0
223.3541667,8,41.1797,-96.4397,100,385.4040404,763.1,23.45,519.69,89.4,1.58,4.19779099,0
223.3958333,9,41.1797,-96.4397,100,551.3636364,1091.7,26.14,422.18,74.7,2.58,4.197035716,0
223.4375,10,41.1797,-96.4397,100,681.3131313,1349,27.78,374.9,67.3,3.4,4.19628044,0
223.4791667,11,41.1797,-96.4397,100,778.9393939,1542.3,29.11,364.3,65.8,3.13,4.195525164,0
223.5208333,12,41.1797,-96.4397,100,797.4747475,1579,30.13,356.67,63.8,2.59,4.194769889,0
223.5625,13,41.1797,-96.4397,100,747.1212121,1479.3,30.98,357.55,60.6,2.41,4.194014613,0
223.6041667,14,41.1797,-96.4397,100,646.7171717,1280.5,31.29,357.2,61.2,2.67,4.193259337,0
223.6458333,15,41.1797,-96.4397,100,490.7070707,971.6,31.03,357.55,60.5,2.52,4.192504062,0
223.6875,16,41.1797,-96.4397,100,350.8080808,694.6,30.77,355.84,62.6,2.17,4.191748786,0
224.3125,7,41.1797,-96.4397,100,287.7272727,569.7,20.71,457.04,94.5,1.75,4.180419652,0
224.3541667,8,41.1797,-96.4397,100,469.7979798,930.2,23.56,430.8,81.6,3.05,4.179664376,0
224.3958333,9,41.1797,-96.4397,100,638.2323232,1263.7,26.63,381.77,69.4,3.46,4.178909102,0
224.4375,10,41.1797,-96.4397,100,760.5555556,1505.9,28.66,365.38,63.5,3.64,4.178153825,0
224.4791667,11,41.1797,-96.4397,100,847.9292929,1678.9,30.04,364.63,63.2,3.62,4.177398549,0
224.5208333,12,41.1797,-96.4397,100,879.5959596,1741.6,30.66,371.23,58.3,4.04,4.176643275,0
224.5625,13,41.1797,-96.4397,100,830.3535354,1644.1,31.13,372.87,56.3,3.92,4.175887999,0
224.6041667,14,41.1797,-96.4397,100,744.1919192,1473.5,31.38,373.34,55.5,3.98,4.175132722,0
224.6458333,15,41.1797,-96.4397,100,580.6060606,1149.6,31.22,373.82,54.7,4.17,4.174377448,0
224.6875,16,41.1797,-96.4397,100,402.0707071,796.1,30.47,374.38,55.8,4.02,4.173622172,0
225.3125,7,41.1797,-96.4397,100,270.3535354,535.3,22.63,440.06,82.3,1.82,4.162293038,0
225.3541667,8,41.1797,-96.4397,100,461.7171717,914.2,25.27,403.64,77.1,2.35,4.161537762,0
225.3958333,9,41.1797,-96.4397,100,641.4141414,1270,27.67,388.19,73.9,2.4,4.160782487,0
225.4375,10,41.1797,-96.4397,100,782.6262626,1549.6,27.86,378.29,71.1,2.68,4.160027211,0
225.4791667,11,41.1797,-96.4397,100,886.3636364,1755,28.84,376.42,67.1,3.55,4.159271935,0
225.5208333,12,41.1797,-96.4397,100,893.2323232,1768.6,29.54,372.93,65.7,3.59,4.15851666,0
225.5625,13,41.1797,-96.4397,100,729.5454545,1444.5,29.85,375.34,63.3,3.88,4.157761384,0
225.6041667,14,41.1797,-96.4397,100,725.7575758,1437,30.04,375.42,62.3,3.96,4.157006108,0
225.6458333,15,41.1797,-96.4397,100,371.3131313,735.2,29.45,375.38,62.2,4.02,4.156250834,0
225.6875,16,41.1797,-96.4397,100,195.6565657,387.4,28.57,376.82,64.5,3.28,4.155495557,0
226.3125,7,41.1797,-96.4397,100,92.62626263,183.4,21.19,590.24,99.8,1.93,4.144166423,0
226.3541667,8,41.1797,-96.4397,100,164.3939394,325.5,22.1,537.29,99.8,3.04,4.143411147,0
226.3958333,9,41.1797,-96.4397,100,204.7979798,405.5,23.15,501.97,96.6,1.86,4.142655873,0
226.4375,10,41.1797,-96.4397,100,252.7272727,500.4,23.68,444.54,87.3,3.66,4.141900597,0
226.4791667,11,41.1797,-96.4397,100,224.2424242,444,22.32,396.31,79.8,3.68,4.14114532,0
226.5208333,12,41.1797,-96.4397,100,283.5353535,561.4,22.27,392.68,83.9,3.1,4.140390046,0
226.5625,13,41.1797,-96.4397,100,490.2525253,970.7,23.37,386.43,80.9,4.24,4.13963477,0
226.6041667,14,41.1797,-96.4397,100,386.3131313,764.9,23.56,386.4,79.6,4.85,4.138879494,0
226.6458333,15,41.1797,-96.4397,100,354.040404,701,23.67,385.49,79.7,4.18,4.138124219,0
226.6875,16,41.1797,-96.4397,100,290.1010101,574.4,23.92,385.32,79.2,3.54,4.137368943,0
227.3125,7,41.1797,-96.4397,100,145.1010101,287.3,19.68,400.34,99.8,3.7,4.126039809,0
227.3541667,8,41.1797,-96.4397,100,97.67676768,193.4,19.84,405.71,99.9,3.62,4.125284533,0
227.3958333,9,41.1797,-96.4397,100,147.6767677,292.4,19.98,402.18,99.9,3.64,4.124529258,0
227.4375,10,41.1797,-96.4397,100,339.040404,671.3,21.17,387.36,99.9,3.15,4.123773982,0
227.4791667,11,41.1797,-96.4397,100,258.7373737,512.3,21.59,383.63,92,3.01,4.123018706,0
227.5208333,12,41.1797,-96.4397,100,412.3737374,816.5,22.09,384.98,90.5,2.75,4.122263432,0
227.5625,13,41.1797,-96.4397,100,628.9393939,1245.3,23.42,384.62,86.8,2.99,4.121508155,0
227.6041667,14,41.1797,-96.4397,100,535.7070707,1060.7,24.02,389.58,83.7,2.05,4.120752879,0
227.6458333,15,41.1797,-96.4397,100,534.7474747,1058.8,24.82,386.16,81.4,1.32,4.119997605,0
227.6875,16,41.1797,-96.4397,100,401.7676768,795.5,26,387.7,76.8,0.98,4.119242329,0
228.3125,7,41.1797,-96.4397,100,209.0909091,414,18.21,403.22,99.9,1.72,4.094430307,0
228.3541667,8,41.1797,-96.4397,100,448.1313131,887.3,20.15,388.94,99.8,1.57,4.092762597,0
228.3958333,9,41.1797,-96.4397,100,644.2929293,1275.7,23,376.71,99.9,1.81,4.091094891,0
228.4375,10,41.1797,-96.4397,100,758.5858586,1502,24.01,373.92,88.4,2.64,4.089427182,0
228.4791667,11,41.1797,-96.4397,100,872.5252525,1727.6,24.65,376.37,74,2.38,4.087759472,0
228.5208333,12,41.1797,-96.4397,100,899.5454545,1781.1,25.67,375.77,68.2,1.79,4.086091766,0
228.5625,13,41.1797,-96.4397,100,908.7373737,1799.3,26.67,374.69,65.1,2.03,4.084424057,0
228.6041667,14,41.1797,-96.4397,100,714.7979798,1415.3,26.79,374.25,63.6,2.12,4.082756347,0
228.6458333,15,41.1797,-96.4397,100,483.8383838,958,26.65,369.27,63.5,2.38,4.081088642,0
228.6875,16,41.1797,-96.4397,100,210.0505051,415.9,25.57,368.34,69.3,2.29,4.079420932,0
229.3125,7,41.1797,-96.4397,100,287.5757576,569.4,19.8,456.47,95.8,2.89,4.054405307,0
229.3541667,8,41.1797,-96.4397,100,462.6262626,916,22.63,406.38,85.9,3.88,4.052737598,0
229.3958333,9,41.1797,-96.4397,100,639.4444444,1266.1,24.15,394.65,79.3,3.91,4.051069892,0
229.4375,10,41.1797,-96.4397,100,763.7878788,1512.3,25.54,376.83,72,3.56,4.049402182,0
229.4791667,11,41.1797,-96.4397,100,873.7373737,1730,26.59,371.45,69.9,3.3,4.047734473,0
229.5208333,12,41.1797,-96.4397,100,766.5151515,1517.7,27.22,365.9,67.5,3.22,4.046066767,0
229.5625,13,41.1797,-96.4397,100,749.8989899,1484.8,27.96,361.48,65.1,2.57,4.044399057,0
229.6041667,14,41.1797,-96.4397,100,615.5050505,1218.7,28.1,362.41,63.9,2.83,4.042731348,0
229.6458333,15,41.1797,-96.4397,100,486.1616162,962.6,28.09,365.2,62.2,2.62,4.041063642,0
229.6875,16,41.1797,-96.4397,100,343.4848485,680.1,28.09,364.83,61.7,2.45,4.039395932,0
230.3125,7,41.1797,-96.4397,100,265.3535354,525.4,20.04,555.03,98.7,0.82,4.014380308,0
230.3541667,8,41.1797,-96.4397,100,435.9090909,863.1,22.45,432.31,90.1,1.1,4.012712598,0
230.3958333,9,41.1797,-96.4397,100,619.6969697,1227,24.75,412.01,79.6,1.77,4.011044893,0
230.4375,10,41.1797,-96.4397,100,667.8282828,1322.3,26.24,372.42,70.8,1.26,4.009377183,0
230.4791667,11,41.1797,-96.4397,100,678.3333333,1343.1,26.88,364.73,67.7,1,4.007709473,0
230.5208333,12,41.1797,-96.4397,100,743.989899,1473.1,27.42,362.84,65.5,1.15,4.006041768,0
230.5625,13,41.1797,-96.4397,100,825.1515152,1633.8,28.31,363.81,61.1,1.2,4.004374058,0
230.6041667,14,41.1797,-96.4397,100,813.5858586,1610.9,28.76,368.02,58.6,1.33,4.002706348,0
230.6458333,15,41.1797,-96.4397,100,599.040404,1186.1,28.75,369.94,58.5,1.23,4.001038643,0
230.6875,16,41.1797,-96.4397,100,417.4242424,826.5,28.65,363.78,58.3,1.32,3.999370933,0
231.3125,7,41.1797,-96.4397,100,139.8989899,277,20.7,449.89,95.8,1.43,3.974355308,0
231.3541667,8,41.1797,-96.4397,100,210.4545455,416.7,21.55,434.38,93.1,1.76,3.972687599,0
231.3958333,9,41.1797,-96.4397,100,137.020202,271.3,22.01,431.06,90.9,1.81,3.971019893,0
231.4375,10,41.1797,-96.4397,100,51.51515152,102,21.1,442.23,97.1,2.13,3.969352184,0
231.4791667,11,41.1797,-96.4397,100,135.6565657,268.6,20.02,409.68,99.1,4.35,3.967684474,0
231.5208333,12,41.1797,-96.4397,100,110.6060606,219,19.77,407.91,99.8,3.17,3.966016768,0
231.5625,13,41.1797,-96.4397,100,134.6464646,266.6,19.41,399.79,99.8,3.3,3.964349059,0
231.6041667,14,41.1797,-96.4397,100,108.8888889,215.6,19.18,400.25,99.8,3.19,3.962681349,0
231.6458333,15,41.1797,-96.4397,100,133.4343434,264.2,19.12,398.03,99.8,3.77,3.961013643,0
231.6875,16,41.1797,-96.4397,100,141.5151515,280.2,19.35,396.03,99.8,3.91,3.959345934,0
232.3125,7,41.1797,-96.4397,100,-2.727272727,-5.4,17.89,396.1,99.8,7.3,3.934330309,0
232.3541667,8,41.1797,-96.4397,100,16.11111111,31.9,17.5,394.54,99.8,7.07,3.932662599,0
232.3958333,9,41.1797,-96.4397,100,37.02020202,73.3,17.76,393.62,99.8,7.11,3.930994894,0
232.4375,10,41.1797,-96.4397,100,93.08080808,184.3,18.63,388.18,99.8,7,3.929327184,0
232.4791667,11,41.1797,-96.4397,100,154.040404,305,19.16,384.61,99.8,7.03,3.927659474,0
232.5208333,12,41.1797,-96.4397,100,127.6767677,252.8,19.31,381.14,99.8,7.04,3.925991769,0
232.5625,13,41.1797,-96.4397,100,466.2626263,923.2,20.63,375.27,99.9,8.07,3.924324059,0
232.6041667,14,41.1797,-96.4397,100,305.2525253,604.4,21.96,376.48,95.7,7.96,3.92265635,0
232.6458333,15,41.1797,-96.4397,100,139.7474747,276.7,21.71,378.75,81.2,6.81,3.920988644,0
232.6875,16,41.1797,-96.4397,100,108.030303,213.9,21.54,379.09,83.1,6.84,3.919320934,0
233.3125,7,41.1797,-96.4397,100,173.4343434,343.4,16.57,398.87,94,3.44,3.89430531,0
233.3541667,8,41.1797,-96.4397,100,361.4141414,715.6,18.6,387.38,85.4,3.43,3.8926376,0
233.3958333,9,41.1797,-96.4397,100,496.8686869,983.8,20.15,379.13,80.2,3.13,3.890969894,0
233.4375,10,41.1797,-96.4397,100,554.7474747,1098.4,21.33,372.42,75.6,3.6,3.889302185,0
233.4791667,11,41.1797,-96.4397,100,586.3636364,1161,21.96,369.99,72,3.63,3.887634475,0
233.5208333,12,41.1797,-96.4397,100,340.4040404,674,21.55,368.85,73.5,3.82,3.885966769,0
233.5625,13,41.1797,-96.4397,100,280.0505051,554.5,21.28,369.86,73.6,4.33,3.88429906,0
233.6041667,14,41.1797,-96.4397,100,448.8888889,888.8,21.4,365.04,72.9,4.29,3.88263135,0
233.6458333,15,41.1797,-96.4397,100,530.8585859,1051.1,22.33,360.09,71.3,3.88,3.880963644,0
233.6875,16,41.1797,-96.4397,100,324.040404,641.6,22.44,364.95,70.3,3.55,3.879295935,0
234.3125,7,41.1797,-96.4397,100,175.7070707,347.9,15.06,443.7,94.5,1.23,3.85428031,0
234.3541667,8,41.1797,-96.4397,100,348.6868687,690.4,17.72,394.91,83.3,1.16,3.852612601,0
234.3958333,9,41.1797,-96.4397,100,554.1919192,1097.3,19.43,380.34,75.8,0.94,3.850944895,0
234.4375,10,41.1797,-96.4397,100,678.0808081,1342.6,20.91,373.47,62,1.12,3.849277185,0
234.4791667,11,41.1797,-96.4397,100,755.5050505,1495.9,21.75,371.72,54.2,1.27,3.847609476,0
234.5208333,12,41.1797,-96.4397,100,830.5555556,1644.5,22.26,372.93,51.9,1.23,3.84594177,0
234.5625,13,41.1797,-96.4397,100,744.4444444,1474,22.75,371.36,50.6,1.33,3.84427406,0
234.6041667,14,41.1797,-96.4397,100,664.5454545,1315.8,22.88,371.36,50.8,1.62,3.842606351,0
234.6458333,15,41.1797,-96.4397,100,524.1919192,1037.9,23.02,367.43,53.3,1.91,3.840938645,0
234.6875,16,41.1797,-96.4397,100,356.7676768,706.4,22.82,366.96,53.7,2.05,3.839270935,0
235.3125,7,41.1797,-96.4397,100,115.7575758,229.2,17.43,429.5,92.2,3.53,3.814255311,0
235.3541667,8,41.1797,-96.4397,100,109.4444444,216.7,17.98,409.2,94.5,4.49,3.812587601,0
235.3958333,9,41.1797,-96.4397,100,216.010101,427.7,19,385.55,93.6,5.06,3.810919895,0
235.4375,10,41.1797,-96.4397,100,189.9494949,376.1,19.57,388.27,90.4,5.54,3.809252186,0
235.4791667,11,41.1797,-96.4397,100,170.1515152,336.9,19.69,389.47,90.6,5.5,3.807584476,0
235.5208333,12,41.1797,-96.4397,100,153.3333333,303.6,19.6,390.98,92.3,4.93,3.805916771,0
235.5625,13,41.1797,-96.4397,100,251.8181818,498.6,20.4,385.95,89.6,4.66,3.804249061,0
235.6041667,14,41.1797,-96.4397,100,296.7171717,587.5,21.6,380.06,85.3,4.53,3.802581351,0
235.6458333,15,41.1797,-96.4397,100,171.4141414,339.4,21.93,380.63,84.8,3.84,3.800913646,0
235.6875,16,41.1797,-96.4397,100,95.95959596,190,21.81,382.65,88,2.92,3.799245936,0
236.3125,7,41.1797,-96.4397,100,13.13131313,26,20.87,430.25,99.9,2.25,3.774230311,0
236.3541667,8,41.1797,-96.4397,100,211.5656566,418.9,21.85,415.82,99.9,2.69,3.772562602,0
236.3958333,9,41.1797,-96.4397,100,173.2828283,343.1,22.81,401.95,99.4,2.89,3.770894896,0
236.4375,10,41.1797,-96.4397,100,458.5353535,907.9,24.01,394.75,93.4,2.87,3.769227186,0
236.4791667,11,41.1797,-96.4397,100,650.1010101,1287.2,25.74,390.21,77.6,2.16,3.767559477,0
236.5208333,12,41.1797,-96.4397,100,755.6565657,1496.2,27.27,381.06,68.8,2.29,3.765891771,0
236.5625,13,41.1797,-96.4397,100,734.6464646,1454.6,28.4,377.54,62.1,1.95,3.764224061,0
236.6041667,14,41.1797,-96.4397,100,665.5050505,1317.7,29.11,373.54,55,1.95,3.762556352,0
236.6458333,15,41.1797,-96.4397,100,498.4343434,986.9,29.19,369.79,56.3,1.93,3.760888646,0
236.6875,16,41.1797,-96.4397,100,320.1010101,633.8,29.01,369.92,56.5,1.81,3.759220937,0
237.3125,7,41.1797,-96.4397,100,219.5454545,434.7,18.14,679.1,99.8,1.39,3.734205312,0
237.3541667,8,41.1797,-96.4397,100,393.3838384,778.9,21.01,552.4,97.8,0.99,3.732537602,0
237.3958333,9,41.1797,-96.4397,100,558.6363636,1106.1,23.98,451.19,83.8,1.27,3.730869897,0
237.4375,10,41.1797,-96.4397,100,693.030303,1372.2,26.38,396.47,74,1.45,3.729202187,0
237.4791667,11,41.1797,-96.4397,100,792.7272727,1569.6,28.22,404.27,67.2,2.32,3.727534477,0
237.5208333,12,41.1797,-96.4397,100,807.6262626,1599.1,29.58,384.08,59.5,3.42,3.725866772,0
237.5625,13,41.1797,-96.4397,100,778.8383838,1542.1,29.97,371.8,54.6,3.67,3.724199062,0
237.6041667,14,41.1797,-96.4397,100,697.3232323,1380.7,30.26,369.92,58.3,3.55,3.722531352,0
237.6458333,15,41.1797,-96.4397,100,524.3939394,1038.3,30.64,369.57,62,3.05,3.720863647,0
237.6875,16,41.1797,-96.4397,100,351.1111111,695.2,30.64,368.33,66,2.86,3.719195937,0
238.3125,7,41.1797,-96.4397,100,64.04040404,126.8,24.36,409.85,81.6,4.31,3.694180312,0
238.3541667,8,41.1797,-96.4397,100,64.14141414,127,23.52,404.19,83.5,5.51,3.692512603,0
238.3958333,9,41.1797,-96.4397,100,129.040404,255.5,23.03,401.33,87.3,4.17,3.690844897,0
238.4375,10,41.1797,-96.4397,100,325.5050505,644.5,24.95,388.6,80.7,4.92,3.689177188,0
238.4791667,11,41.1797,-96.4397,100,597.6262626,1183.3,26.92,382.42,72.4,5.86,3.687509478,0
238.5208333,12,41.1797,-96.4397,100,808.1818182,1600.2,28.49,381.22,68.6,6.09,3.685841772,0
238.5625,13,41.1797,-96.4397,100,541.1616162,1071.5,28.6,386.29,68.1,6.98,3.684174063,0
238.6041667,14,41.1797,-96.4397,100,212.1212121,420,26.44,393.32,75.2,5.68,3.682506353,0
238.6458333,15,41.1797,-96.4397,100,307.4747475,608.8,27.15,388.9,74.9,5.7,3.680838647,0
238.6875,16,41.1797,-96.4397,100,271.5151515,537.6,27.81,389.5,76.3,5.58,3.679170938,0
239.3125,7,41.1797,-96.4397,100,233.7878788,462.9,24.23,402.07,81.9,4.22,3.654155313,0
239.3541667,8,41.1797,-96.4397,100,425.959596,843.4,25.83,395.06,75.6,5.43,3.652487603,0
239.3958333,9,41.1797,-96.4397,100,606.969697,1201.8,27.34,390.35,70.7,5.53,3.650819898,0
239.4375,10,41.1797,-96.4397,100,751.6666667,1488.3,28.65,387.14,65.3,6.22,3.649152188,0
239.4791667,11,41.1797,-96.4397,100,854.040404,1691,29.72,386.11,60.9,7.23,3.647484478,0
239.5208333,12,41.1797,-96.4397,100,814.4949495,1612.7,30.54,385.26,57.7,6.58,3.645816773,0
239.5625,13,41.1797,-96.4397,100,655.1515152,1297.2,30.84,384.35,57.2,5.17,3.644149063,0
239.6041667,14,41.1797,-96.4397,100,583.4343434,1155.2,30.76,384.9,57.3,5.62,3.642481354,0
239.6458333,15,41.1797,-96.4397,100,567.1212121,1122.9,31.48,384.8,55.7,4.95,3.640813648,0
239.6875,16,41.1797,-96.4397,100,402.2222222,796.4,31.63,383.59,56.4,4.26,3.639145938,0
240.3125,7,41.1797,-96.4397,100,41.66666667,82.5,21.47,477.51,99.4,3.91,3.614130314,0
240.3541667,8,41.1797,-96.4397,100,234.9494949,465.2,22.53,434.05,86.2,4.12,3.612462604,0
240.3958333,9,41.1797,-96.4397,100,139.040404,275.3,21.79,416.5,87.1,4.08,3.610794898,0
240.4375,10,41.1797,-96.4397,100,165.6060606,327.9,21.8,408.36,87.2,4.34,3.609127189,0
240.4791667,11,41.1797,-96.4397,100,117.0707071,231.8,19.82,401.34,88.9,5.72,3.607459479,0
240.5208333,12,41.1797,-96.4397,100,228.1818182,451.8,18.93,397.6,93.2,5.49,3.605791773,0
240.5625,13,41.1797,-96.4397,100,125.8585859,249.2,19.18,387.09,87.1,5.56,3.604124064,0
240.6041667,14,41.1797,-96.4397,100,115.6565657,229,18.33,388.47,86.4,5.85,3.602456354,0
240.6458333,15,41.1797,-96.4397,100,188.9393939,374.1,18.46,384.55,84.8,5.83,3.600788648,0
240.6875,16,41.1797,-96.4397,100,75.35353535,149.2,17.49,390.55,84.7,5.77,3.599120939,0
241.3125,7,41.1797,-96.4397,100,241.7171717,478.6,13.81,404.37,91.1,1.65,3.574105314,0
241.3541667,8,41.1797,-96.4397,100,426.1616162,843.8,16.4,387.7,77.7,2.69,3.572437605,0
241.3958333,9,41.1797,-96.4397,100,590.0505051,1168.3,18.48,385.75,66.9,2.16,3.570769899,0
241.4375,10,41.1797,-96.4397,100,729.6464646,1444.7,19.95,383.03,62.7,1.3,3.569102189,0
241.4791667,11,41.1797,-96.4397,100,830.0505051,1643.5,20.98,382.68,59.7,1.42,3.56743448,0
241.5208333,12,41.1797,-96.4397,100,846.3131313,1675.7,21.67,381.17,58.1,2.36,3.565766774,0
241.5625,13,41.1797,-96.4397,100,818.7878788,1621.2,22.47,381.72,55.6,2.3,3.564099064,0
241.6041667,14,41.1797,-96.4397,100,734.7979798,1454.9,23.2,384.53,52,2,3.562431355,0
241.6458333,15,41.1797,-96.4397,100,545.6060606,1080.3,23.39,386.83,50.7,2.34,3.560763649,0
241.6875,16,41.1797,-96.4397,100,357.9292929,708.7,23.13,392.11,51.4,2.48,3.559095939,0
242.3125,7,41.1797,-96.4397,100,129.4949495,256.4,17.14,415.37,93.6,3.25,3.534080315,0
242.3541667,8,41.1797,-96.4397,100,142.6262626,282.4,17.76,413.53,96.4,4.42,3.532412605,0
242.3958333,9,41.1797,-96.4397,100,252.979798,500.9,18.97,409.1,95.7,3.57,3.530744899,0
242.4375,10,41.1797,-96.4397,100,256.2626263,507.4,20.04,406.17,92.8,4.2,3.52907719,0
242.4791667,11,41.1797,-96.4397,100,284.8989899,564.1,20.63,406.04,92.2,4.31,3.52740948,0
242.5208333,12,41.1797,-96.4397,100,337.020202,667.3,21.58,405.87,90,4.99,3.525741775,0
242.5625,13,41.1797,-96.4397,100,277.9292929,550.3,23.2,400.97,86.5,4.08,3.524074065,0
242.6041667,14,41.1797,-96.4397,100,285.9090909,566.1,24.76,395.27,81.2,3.73,3.522406355,0
242.6458333,15,41.1797,-96.4397,100,503.3333333,996.6,26.84,387.68,70.6,4.76,3.52073865,0
242.6875,16,41.1797,-96.4397,100,295.2525253,584.6,26.91,386.18,68.8,4.48,3.51907094,0
243.3125,7,41.1797,-96.4397,100,109.6464646,217.1,20.2,414.51,94.4,5.12,3.494055315,0
243.3541667,8,41.1797,-96.4397,100,281.010101,556.4,21.3,409.71,89.5,5.83,3.492387606,0
243.3958333,9,41.1797,-96.4397,100,186.2626263,368.8,21.8,408.69,87.9,5.51,3.4907199,0
243.4375,10,41.1797,-96.4397,100,224.2424242,444,23.29,401.55,84.1,5.24,3.48905219,0
243.4791667,11,41.1797,-96.4397,100,27.32323232,54.1,23.33,407.87,86.8,2.97,3.487384481,0
243.5208333,12,41.1797,-96.4397,100,64.5959596,127.9,22.59,406.92,91.3,5.69,3.485716775,0
243.5625,13,41.1797,-96.4397,100,658.9393939,1304.7,24.54,396.46,84.2,5.87,3.484049065,0
243.6041667,14,41.1797,-96.4397,100,619.9494949,1227.5,25.57,395.19,80.4,6.84,3.482381356,0
243.6458333,15,41.1797,-96.4397,100,548.0808081,1085.2,26.8,392.69,78.3,6.07,3.48071365,0
243.6875,16,41.1797,-96.4397,100,385.0505051,762.4,27.41,391.98,76.6,6.56,3.479045941,0
244.3125,7,41.1797,-96.4397,100,94.19191919,186.5,21.28,421.99,86.3,1.37,3.454030316,0
244.3541667,8,41.1797,-96.4397,100,239.3939394,474,23.5,404.63,80.4,1.65,3.452362606,0
244.3958333,9,41.1797,-96.4397,100,550,1089,26.57,395.84,68.4,1.05,3.450694901,0
244.4375,10,41.1797,-96.4397,100,621.2626263,1230.1,28.14,390.35,63.1,1.33,3.449027191,0
244.4791667,11,41.1797,-96.4397,100,588.9393939,1166.1,28.71,390.31,63,2.5,3.447359481,0
244.5208333,12,41.1797,-96.4397,100,361.8181818,716.4,28.93,390.35,63,2,3.445691776,0
244.5625,13,41.1797,-96.4397,100,131.969697,261.3,28.25,390.33,67,1.77,3.444024066,0
244.6041667,14,41.1797,-96.4397,100,273.6363636,541.8,27.99,387.17,74.3,1.82,3.442356356,0
244.6458333,15,41.1797,-96.4397,100,439.2424242,869.7,29.7,387.26,64.3,1.26,3.440688651,0
244.6875,16,41.1797,-96.4397,100,231.8686869,459.1,29.28,384.63,66.1,1.26,3.439020941,0
245.3125,7,41.1797,-96.4397,100,145.1515152,287.4,20.14,412.06,99.8,2.19,3.414005316,0
245.3541667,8,41.1797,-96.4397,100,387.3232323,766.9,21.51,402.28,99.8,3.4,3.412337607,0
245.3958333,9,41.1797,-96.4397,100,236.6666667,468.6,22.32,399.99,99.9,3.75,3.410669901,0
245.4375,10,41.1797,-96.4397,100,163.7373737,324.2,22.6,404.3,99.9,2.23,3.409002192,0
245.4791667,11,41.1797,-96.4397,100,206.6161616,409.1,23.34,402.06,99.9,2,3.407334482,0
245.5208333,12,41.1797,-96.4397,100,303.4343434,600.8,23.89,398.96,99.9,2.32,3.405666776,0
245.5625,13,41.1797,-96.4397,100,302.020202,598,24.52,398.75,99.9,1.18,3.403999067,0
245.6041667,14,41.1797,-96.4397,100,361.5151515,715.8,25.29,395.32,99.8,1.33,3.402331357,0
245.6458333,15,41.1797,-96.4397,100,309.6969697,613.2,25.79,392.29,99.8,1.73,3.400663651,0
245.6875,16,41.1797,-96.4397,100,200.1010101,396.2,25.35,394.56,99.8,2.33,3.398995942,0
246.3125,7,41.1797,-96.4397,100,62.87878788,124.5,20.21,427.43,99.8,2,3.36257864,0
246.3541667,8,41.1797,-96.4397,100,119.040404,235.7,20.44,414.72,99.8,2.94,3.359370511,0
246.3958333,9,41.1797,-96.4397,100,170.5555556,337.7,20.87,401.23,98.7,2.96,3.356162389,0
246.4375,10,41.1797,-96.4397,100,310.1010101,614,21.93,399.99,94.3,3.03,3.35295426,0
246.4791667,11,41.1797,-96.4397,100,571.6666667,1131.9,23.29,394.9,87.9,3.45,3.34974613,0
246.5208333,12,41.1797,-96.4397,100,788.2828283,1560.8,24.47,392.12,82.1,4.05,3.346538008,0
246.5625,13,41.1797,-96.4397,100,631.1111111,1249.6,25.16,386.72,77,3.56,3.343329879,0
246.6041667,14,41.1797,-96.4397,100,412.3232323,816.4,25.21,386.67,78.3,3.14,3.34012175,0
246.6458333,15,41.1797,-96.4397,100,388.9393939,770.1,25.61,386.11,76.8,2.39,3.336913628,0
246.6875,16,41.1797,-96.4397,100,234.6969697,464.7,25.47,384.86,77.6,2.69,3.333705498,0
247.3125,7,41.1797,-96.4397,100,98.08080808,194.2,21.04,420.75,99.8,1.98,3.285583595,0
247.3541667,8,41.1797,-96.4397,100,53.83838384,106.6,21.57,430.67,99.9,2.04,3.282375465,0
247.3958333,9,41.1797,-96.4397,100,72.92929293,144.4,21.83,430.79,99.9,1.57,3.279167344,0
247.4375,10,41.1797,-96.4397,100,126.010101,249.5,22.24,414.13,99.9,3.29,3.275959214,0
247.4791667,11,41.1797,-96.4397,100,102.4242424,202.8,22.43,406.86,99.9,2.84,3.272751085,0
247.5208333,12,41.1797,-96.4397,100,62.22222222,123.2,22.21,405.27,99.9,2.94,3.269542963,0
247.5625,13,41.1797,-96.4397,100,84.7979798,167.9,22.23,403.35,99.9,3.99,3.266334834,0
247.6041667,14,41.1797,-96.4397,100,176.6666667,349.8,22.6,399.72,99.9,3.75,3.263126704,0
247.6458333,15,41.1797,-96.4397,100,282.8282828,560,23,394.11,99.9,4.81,3.259918582,0
247.6875,16,41.1797,-96.4397,100,231.9191919,459.2,23.16,394.76,99.9,4.08,3.256710453,0
248.3125,7,41.1797,-96.4397,100,41.61616162,82.4,18.71,408.69,99.8,4.28,3.20858855,0
248.3541667,8,41.1797,-96.4397,100,160.1515152,317.1,18.99,406.73,99.9,5.27,3.20538042,0
248.3958333,9,41.1797,-96.4397,100,151.4141414,299.8,19.48,404.76,99.9,5.18,3.202172298,0
248.4375,10,41.1797,-96.4397,100,251.2626263,497.5,20.51,403.15,99.9,5.22,3.198964169,0
248.4791667,11,41.1797,-96.4397,100,319.8989899,633.4,21.64,398.29,99.9,5.37,3.195756039,0
248.5208333,12,41.1797,-96.4397,100,364.8989899,722.5,22.6,393.63,99.9,4.92,3.192547918,0
248.5625,13,41.1797,-96.4397,100,480.959596,952.3,23.75,389.64,99.9,5.09,3.189339788,0
248.6041667,14,41.1797,-96.4397,100,473.9393939,938.4,24.14,388.06,99.8,5.76,3.186131659,0
248.6458333,15,41.1797,-96.4397,100,257.2727273,509.4,23.58,386.73,92.9,5.01,3.182923537,0
248.6875,16,41.1797,-96.4397,100,129.8989899,257.2,23.01,388.96,84.4,4.47,3.179715407,0
249.3125,7,41.1797,-96.4397,100,195.6060606,387.3,15.65,397.89,92.1,3.52,3.131593504,0
249.3541667,8,41.1797,-96.4397,100,389.8989899,772,16.97,394.8,89.9,3.52,3.128385375,0
249.3958333,9,41.1797,-96.4397,100,493.4343434,977,18.93,390.7,85.5,3.7,3.125177253,0
249.4375,10,41.1797,-96.4397,100,668.1313131,1322.9,20.87,388.29,80.7,4,3.121969123,0
249.4791667,11,41.1797,-96.4397,100,718.2828283,1422.2,22.32,385.12,77.1,4.06,3.118760994,0
249.5208333,12,41.1797,-96.4397,100,593.4848485,1175.1,23.16,385.7,74,4.31,3.115552872,0
249.5625,13,41.1797,-96.4397,100,668.030303,1322.7,24.02,386.41,71.5,3.94,3.112344743,0
249.6041667,14,41.1797,-96.4397,100,626.010101,1239.5,24.45,386.95,68.5,4.71,3.109136613,0
249.6458333,15,41.1797,-96.4397,100,417.1212121,825.9,23.74,387.71,67.9,4.13,3.105928491,0
249.6875,16,41.1797,-96.4397,100,317.3232323,628.3,23.61,387.85,67.5,4,3.102720362,0
250.3125,7,41.1797,-96.4397,100,41.86868687,82.9,17.46,416.31,95.3,3.12,3.054598459,0
250.3541667,8,41.1797,-96.4397,100,70.15151515,138.9,17.8,413.9,94.2,3.03,3.051390329,0
250.3958333,9,41.1797,-96.4397,100,97.67676768,193.4,18.17,409.62,92.5,3.36,3.048182207,0
250.4375,10,41.1797,-96.4397,100,118.989899,235.6,17.88,407.67,96.9,3.68,3.044974078,0
250.4791667,11,41.1797,-96.4397,100,227.1717172,449.8,18.4,403.8,96.7,4.25,3.041765949,0
250.5208333,12,41.1797,-96.4397,100,120.4040404,238.4,18.34,400.32,92.9,4.74,3.038557827,0
250.5625,13,41.1797,-96.4397,100,125.4040404,248.3,17.57,395.54,93,5.15,3.035349697,0
250.6041667,14,41.1797,-96.4397,100,223.5353535,442.6,17.71,395.39,89.7,4.32,3.032141568,0
250.6458333,15,41.1797,-96.4397,100,192.3232323,380.8,18.75,393.88,82.6,4.13,3.028933446,0
250.6875,16,41.1797,-96.4397,100,151.8181818,300.6,18.97,393.15,78,3.11,3.025725317,0
251.3125,7,41.1797,-96.4397,100,140.1010101,277.4,15.41,397.14,87.6,3.05,2.977603413,0
251.3541667,8,41.1797,-96.4397,100,184.2929293,364.9,16.17,395.22,85.4,3.21,2.974395284,0
251.3958333,9,41.1797,-96.4397,100,258.7878788,512.4,16.65,393.88,84.4,2.88,2.971187162,0
251.4375,10,41.1797,-96.4397,100,306.5656566,607,17.57,391.32,82.9,2.55,2.967979033,0
251.4791667,11,41.1797,-96.4397,100,350.7575758,694.5,18.49,387.8,80.8,2.39,2.964770903,0
251.5208333,12,41.1797,-96.4397,100,518.1313131,1025.9,20.02,385.97,76.2,1.77,2.961562781,0
251.5625,13,41.1797,-96.4397,100,470.4040404,931.4,21.31,385.59,72.1,1.94,2.958354652,0
251.6041667,14,41.1797,-96.4397,100,713.3333333,1412.4,22.77,384.97,68.8,2.19,2.955146522,0
251.6458333,15,41.1797,-96.4397,100,511.4141414,1012.6,23.07,385.53,65.4,2.73,2.951938401,0
251.6875,16,41.1797,-96.4397,100,382.5757576,757.5,23.14,386.09,55.1,2.8,2.948730271,0
252.3125,7,41.1797,-96.4397,100,211.7171717,419.2,13.51,419.59,89.3,2.17,2.900608368,0
252.3541667,8,41.1797,-96.4397,100,422.4242424,836.4,16.01,401.66,84.1,3.23,2.897400238,0
252.3958333,9,41.1797,-96.4397,100,590.3535354,1168.9,17.95,391.81,79.1,3.32,2.894192117,0
252.4375,10,41.1797,-96.4397,100,814.1414141,1612,19.7,385.66,71.7,3.34,2.890983987,0
252.4791667,11,41.1797,-96.4397,100,819.7979798,1623.2,20.48,387.78,68.3,2.64,2.887775858,0
252.5208333,12,41.1797,-96.4397,100,881.010101,1744.4,21.43,389.11,65.5,2.65,2.884567736,0
252.5625,13,41.1797,-96.4397,100,859.4949495,1701.8,22.31,387.95,62.2,3.1,2.881359606,0
252.6041667,14,41.1797,-96.4397,100,748.6868687,1482.4,22.88,388.61,58.4,3.1,2.878151477,0
252.6458333,15,41.1797,-96.4397,100,563.6868687,1116.1,23.26,387.34,56.9,3.1,2.874943355,0
252.6875,16,41.1797,-96.4397,100,367.4747475,727.6,23.01,389.08,56.5,3.26,2.871735226,0
253.3125,7,41.1797,-96.4397,100,225.9090909,447.3,15.27,441.3,96.9,1.74,2.823613322,0
253.3541667,8,41.1797,-96.4397,100,409.7474747,811.3,18.34,414.28,84.5,3.67,2.820405193,0
253.3958333,9,41.1797,-96.4397,100,590.8585859,1169.9,20.65,398.55,74.1,4.24,2.817197071,0
253.4375,10,41.1797,-96.4397,100,741.0606061,1467.3,22.4,391.68,66.9,4.82,2.813988942,0
253.4791667,11,41.1797,-96.4397,100,838.0808081,1659.4,23.63,387.47,62.5,4.78,2.810780812,0
253.5208333,12,41.1797,-96.4397,100,846.3636364,1675.8,24.43,388.31,59.1,4.62,2.80757269,0
253.5625,13,41.1797,-96.4397,100,825.8080808,1635.1,25.14,387.35,56.3,4.2,2.804364561,0
253.6041667,14,41.1797,-96.4397,100,739.0909091,1463.4,25.4,388.45,52.7,4.6,2.801156432,0
253.6458333,15,41.1797,-96.4397,100,548.3838384,1085.8,25.52,388.86,50.6,4.29,2.79794831,0
253.6875,16,41.1797,-96.4397,100,357.3232323,707.5,25.25,388.78,51.3,4.35,2.79474018,0
254.3125,7,41.1797,-96.4397,100,210.959596,417.7,16.67,421.93,93.5,4.25,2.746618277,0
254.3541667,8,41.1797,-96.4397,100,400.0505051,792.1,18.75,411.17,85.6,5.23,2.743410147,0
254.3958333,9,41.1797,-96.4397,100,572.3232323,1133.2,21.43,397.15,75.7,5.95,2.740202026,0
254.4375,10,41.1797,-96.4397,100,722.1717172,1429.9,23.41,393.76,67.1,6.46,2.736993896,0
254.4791667,11,41.1797,-96.4397,100,823.8383838,1631.2,24.73,392.56,62,6.8,2.733785767,0
254.5208333,12,41.1797,-96.4397,100,838.1818182,1659.6,25.88,392.09,57.6,7.03,2.730577645,0
254.5625,13,41.1797,-96.4397,100,809.7474747,1603.3,26.74,391.21,55.5,7.23,2.727369516,0
254.6041667,14,41.1797,-96.4397,100,716.1111111,1417.9,27.12,391.17,54.9,6.99,2.724161386,0
254.6458333,15,41.1797,-96.4397,100,534.4444444,1058.2,27.03,390.63,54,7.5,2.720953264,0
254.6875,16,41.1797,-96.4397,100,346.3131313,685.7,26.7,390.34,55,6.7,2.717745135,0
255.3125,7,41.1797,-96.4397,100,213.1313131,422,17.48,415.83,91.5,2.89,2.669623232,0
255.3541667,8,41.1797,-96.4397,100,407.4747475,806.8,20.39,402.68,80,4.09,2.666415102,0
255.3958333,9,41.1797,-96.4397,100,587.8282828,1163.9,22.92,395.43,73.4,5.01,2.66320698,0
255.4375,10,41.1797,-96.4397,100,758.1818182,1501.2,24.9,390.12,66.7,5.47,2.659998851,0
255.4791667,11,41.1797,-96.4397,100,836.1616162,1655.6,25.87,389.37,59.2,6.55,2.656790721,0
255.5208333,12,41.1797,-96.4397,100,752.2222222,1489.4,26.2,391.07,57.7,6.48,2.6535826,0
255.5625,13,41.1797,-96.4397,100,704.1414141,1394.2,26.38,389.06,55.3,6.84,2.65037447,0
255.6041667,14,41.1797,-96.4397,100,598.4848485,1185,26.73,388.95,53.7,6.59,2.647166341,0
255.6458333,15,41.1797,-96.4397,100,457.5252525,905.9,26.34,388.94,53.6,6.84,2.643958219,0
255.6875,16,41.1797,-96.4397,100,341.8686869,676.9,26.06,388.84,54.9,6.46,2.640750089,0
256.3125,7,41.1797,-96.4397,100,69.8989899,138.4,19.3,413.39,97.5,4.93,2.592628186,0
256.3541667,8,41.1797,-96.4397,100,123.1818182,243.9,20.45,411.27,94.5,4.84,2.589420057,0
256.3958333,9,41.1797,-96.4397,100,249.7979798,494.6,22.13,406.91,87.7,6,2.586211935,0
256.4375,10,41.1797,-96.4397,100,270.8080808,536.2,23.11,403.53,83.8,6.06,2.583003805,0
256.4791667,11,41.1797,-96.4397,100,403.6363636,799.2,24.15,402.06,80.1,7.12,2.579795676,0
256.5208333,12,41.1797,-96.4397,100,332.8787879,659.1,24.9,400.9,76.5,6.94,2.576587554,0
256.5625,13,41.1797,-96.4397,100,453.5858586,898.1,26.03,398.45,71.9,6.99,2.573379425,0
256.6041667,14,41.1797,-96.4397,100,345.6060606,684.3,26.29,398.28,70.6,6.01,2.570171295,0
256.6458333,15,41.1797,-96.4397,100,525.1010101,1039.7,27.36,397.82,66.3,7.48,2.566963174,0
256.6875,16,41.1797,-96.4397,100,298.9393939,591.9,27.05,397.39,67.5,6.8,2.563755044,0
257.3125,7,41.1797,-96.4397,100,201.7171717,399.4,21.15,421.57,97.1,3.61,2.515633141,0
257.3541667,8,41.1797,-96.4397,100,382.3737374,757.1,23.22,412.99,89.2,3.94,2.512425011,0
257.3958333,9,41.1797,-96.4397,100,565.8585859,1120.4,25.59,404.16,79.4,4.31,2.509216889,0
257.4375,10,41.1797,-96.4397,100,718.1818182,1422,27.69,399.85,70.4,4.44,2.50600876,0
257.4791667,11,41.1797,-96.4397,100,819.7474747,1623.1,29.36,397.68,64.6,4.73,2.502800631,0
257.5208333,12,41.1797,-96.4397,100,830.8080808,1645,30.6,395.99,59.6,5.23,2.499592509,0
257.5625,13,41.1797,-96.4397,100,805.959596,1595.8,31.35,394.39,55.4,6.08,2.496384379,0
257.6041667,14,41.1797,-96.4397,100,725.6565657,1436.8,31.58,394.08,52.5,6.42,2.49317625,0
257.6458333,15,41.1797,-96.4397,100,495.6060606,981.3,31.29,394.23,52.3,5.77,2.489968128,0
257.6875,16,41.1797,-96.4397,100,339.2424242,671.7,30.83,394.31,52.6,5.2,2.486759999,0
258.3125,7,41.1797,-96.4397,100,204.040404,404,21.34,447.29,94.9,2.12,2.438638095,0
258.3541667,8,41.1797,-96.4397,100,401.4646465,794.9,24.16,426.87,84.2,2.31,2.435429966,0
258.3958333,9,41.1797,-96.4397,100,579.5959596,1147.6,27.26,401.29,70.2,3.28,2.432221844,0
258.4375,10,41.1797,-96.4397,100,729.6969697,1444.8,29.21,394.11,61.7,3.77,2.429013715,0
258.4791667,11,41.1797,-96.4397,100,825.2020202,1633.9,30.26,391.64,57,4.25,2.425805585,0
258.5208333,12,41.1797,-96.4397,100,751.7676768,1488.5,30.56,391.35,53.2,4.73,2.422597463,0
258.5625,13,41.1797,-96.4397,100,631.4646465,1250.3,30.84,391.72,50.3,4.68,2.419389334,0
258.6041667,14,41.1797,-96.4397,100,563.7878788,1116.3,30.91,391.87,49.8,4.5,2.416181204,0
258.6458333,15,41.1797,-96.4397,100,514.9494949,1019.6,31.16,391.78,47.2,4.52,2.412973083,0
258.6875,16,41.1797,-96.4397,100,341.6161616,676.4,30.96,392.47,46.9,4.17,2.409764953,0
259.3125,7,41.1797,-96.4397,100,212.4242424,420.6,20.62,450.52,89.6,2.18,2.36164305,0
259.3541667,8,41.1797,-96.4397,100,404.7979798,801.5,23.57,422.98,77.5,2.98,2.35843492,0
259.3958333,9,41.1797,-96.4397,100,579.2929293,1147,26.45,405.56,66,3.77,2.355226799,0
259.4375,10,41.1797,-96.4397,100,720.2525253,1426.1,28.6,399.6,54.1,5.15,2.352018669,0
259.4791667,11,41.1797,-96.4397,100,847.979798,1679,29.7,397.12,48.9,5.59,2.34881054,0
259.5208333,12,41.1797,-96.4397,100,702.8787879,1391.7,29.95,393.4,49.1,5.19,2.345602418,0
259.5625,13,41.1797,-96.4397,100,758.2323232,1501.3,30.53,392.15,48.8,5.26,2.342394288,0
259.6041667,14,41.1797,-96.4397,100,535.0505051,1059.4,30.12,393.11,49.4,5.41,2.339186159,0
259.6458333,15,41.1797,-96.4397,100,403.4848485,798.9,30.18,392.71,49.9,5.21,2.335978037,0
259.6875,16,41.1797,-96.4397,100,332.9292929,659.2,30.25,392.45,49.6,4.68,2.332769908,0
260.3125,7,41.1797,-96.4397,100,203.2323232,402.4,20.78,446.91,86.8,1.96,2.284648004,0
260.3541667,8,41.1797,-96.4397,100,395.8585859,783.8,24.04,421.74,76,2.42,2.281439875,0
260.3958333,9,41.1797,-96.4397,100,570.4545455,1129.5,26.96,411.27,69.1,3.07,2.278231753,0
260.4375,10,41.1797,-96.4397,100,710.1010101,1406,29.29,404.68,62.7,3.28,2.275023624,0
260.4791667,11,41.1797,-96.4397,100,815.6060606,1614.9,30.91,399.7,57.3,3.74,2.271815494,0
260.5208333,12,41.1797,-96.4397,100,725.8080808,1437.1,31.67,396.82,52.1,4.38,2.268607372,0
260.5625,13,41.1797,-96.4397,100,625.4545455,1238.4,31.89,397.27,50.9,3.22,2.265399243,0
260.6041667,14,41.1797,-96.4397,100,695,1376.1,32.63,396.26,49.6,2.99,2.262191114,0
260.6458333,15,41.1797,-96.4397,100,502.0707071,994.1,32.63,395.89,47.9,3.34,2.258982992,0
260.6875,16,41.1797,-96.4397,100,241.1616162,477.5,31.55,396.76,51.2,2.83,2.255774862,0
261.3125,7,41.1797,-96.4397,100,189.5959596,375.4,22.44,445.84,94.1,1.34,2.207652959,0
261.3541667,8,41.1797,-96.4397,100,358.3333333,709.5,24.88,427.12,82.8,1.76,2.204444829,0
261.3958333,9,41.1797,-96.4397,100,554.2929293,1097.5,27.32,418.52,71.8,1.9,2.201236708,0
261.4375,10,41.1797,-96.4397,100,527.979798,1045.4,28.52,414.15,66.9,1.77,2.198028578,0
261.4791667,11,41.1797,-96.4397,100,445.4545455,882,28.11,415.35,69.3,3.71,2.194820449,0
261.5208333,12,41.1797,-96.4397,100,649.6464646,1286.3,26.78,420.85,70.3,7.15,2.191612327,0
261.5625,13,41.1797,-96.4397,100,616.4646465,1220.6,25.04,423.57,68.7,8.24,2.188404198,0
261.6041667,14,41.1797,-96.4397,100,187.1717172,370.6,22.84,410.38,76.2,7.86,2.185196068,0
261.6458333,15,41.1797,-96.4397,100,186.7676768,369.8,18.9,402.82,99.4,5.32,2.181987946,0
261.6875,16,41.1797,-96.4397,100,227.5757576,450.6,19.34,402.52,99.8,6.31,2.178779817,0
262.3125,7,41.1797,-96.4397,100,122.5757576,242.7,19.68,451.86,99.8,3.52,2.130657914,0
262.3541667,8,41.1797,-96.4397,100,239.0909091,473.4,20.67,440.78,99.5,4.06,2.127449784,0
262.3958333,9,41.1797,-96.4397,100,499.1414141,988.3,23.03,433.69,91.4,3.79,2.124241662,0
262.4375,10,41.1797,-96.4397,100,517.2727273,1024.2,24.48,430.86,86.3,3.91,2.121033533,0
262.4791667,11,41.1797,-96.4397,100,706.3636364,1398.6,26,429.3,81.5,4.52,2.117825403,0
262.5208333,12,41.1797,-96.4397,100,735.6565657,1456.6,27.49,429.11,77.3,5.2,2.114617282,0
262.5625,13,41.1797,-96.4397,100,725.4545455,1436.4,29.26,425.32,72.3,5.72,2.111409152,0
262.6041667,14,41.1797,-96.4397,100,500.8080808,991.6,30.5,417.2,68.8,4.62,2.108201023,0
262.6458333,15,41.1797,-96.4397,100,317.5757576,628.8,31.25,405.02,60.6,3.85,2.104992901,0
262.6875,16,41.1797,-96.4397,100,324.9494949,643.4,32.67,392.34,48,5.74,2.101784771,0
263.3125,7,41.1797,-96.4397,100,168.030303,332.7,24.53,407.99,72.8,5.09,2.066669265,0
263.3541667,8,41.1797,-96.4397,100,382.979798,758.3,26.74,402.87,65.4,5.95,2.066996296,0
263.3958333,9,41.1797,-96.4397,100,555.0505051,1099,28.57,399.98,59.8,7.28,2.067323326,0
263.4375,10,41.1797,-96.4397,100,685.6565657,1357.6,30.26,398.36,55.4,7.84,2.067650357,0
263.4791667,11,41.1797,-96.4397,100,790.6565657,1565.5,31.45,396.96,51.2,7.8,2.067977387,0
263.5208333,12,41.1797,-96.4397,100,799.6464646,1583.3,32.46,395.64,46.7,8.87,2.068304417,0
263.5625,13,41.1797,-96.4397,100,779.0909091,1542.6,33.25,394.55,42.4,9.56,2.068631448,0
263.6041667,14,41.1797,-96.4397,100,658.8383838,1304.5,33.47,393.97,42.3,9.12,2.068958479,0
263.6458333,15,41.1797,-96.4397,100,387.8282828,767.9,33.21,394.15,41.4,8.63,2.069285509,0
263.6875,16,41.1797,-96.4397,100,94.5959596,187.3,29.88,397.6,53.5,6.13,2.06961254,0
264.3125,7,41.1797,-96.4397,100,89.24242424,176.7,12.35,408.61,99.9,4.47,2.074517997,0
264.3541667,8,41.1797,-96.4397,100,237.5757576,470.4,13.17,404.96,89.4,4.98,2.074845028,0
264.3958333,9,41.1797,-96.4397,100,349.8484848,692.7,14.8,402.52,73.3,6.8,2.075172058,0
264.4375,10,41.1797,-96.4397,100,515.9090909,1021.5,15.8,399.36,66.1,7.39,2.075499089,0
264.4791667,11,41.1797,-96.4397,100,641.4141414,1270,16.36,395.19,58.5,7.18,2.075826119,0
264.5208333,12,41.1797,-96.4397,100,772.2727273,1529.1,17.35,394,56.3,6.48,2.076153149,0
264.5625,13,41.1797,-96.4397,100,700.1515152,1386.3,17.49,393.29,55.5,5.77,2.07648018,0
264.6041667,14,41.1797,-96.4397,100,634.7474747,1256.8,18.03,393.62,54,5.48,2.076807211,0
264.6458333,15,41.1797,-96.4397,100,451.3636364,893.7,17.81,394.32,52.7,5.17,2.077134241,0
264.6875,16,41.1797,-96.4397,100,269.7979798,534.2,17.08,394.73,53.7,4.36,2.077461272,0
265.3125,7,41.1797,-96.4397,100,236.1111111,467.5,8.2,439.36,95.3,1.65,2.082366729,0
265.3541667,8,41.1797,-96.4397,100,430.1515152,851.7,11.05,408.76,81.6,3.6,2.08269376,0
265.3958333,9,41.1797,-96.4397,100,561.6161616,1112,13.61,399.32,70.6,3.51,2.08302079,0
265.4375,10,41.1797,-96.4397,100,692.7777778,1371.7,15.69,394.26,62.9,3.59,2.083347821,0
265.4791667,11,41.1797,-96.4397,100,789.4444444,1563.1,17.53,395.77,56.8,3.59,2.083674852,0
265.5208333,12,41.1797,-96.4397,100,787.3737374,1559,19.04,397.24,51.5,3.49,2.084001882,0
265.5625,13,41.1797,-96.4397,100,762.8282828,1510.4,20.4,397.49,47.3,3.35,2.084328912,0
265.6041667,14,41.1797,-96.4397,100,654.3939394,1295.7,21.44,395.61,43.7,3.89,2.084655943,0
265.6458333,15,41.1797,-96.4397,100,476.3636364,943.2,21.97,395.34,42.5,4.02,2.084982973,0
265.6875,16,41.1797,-96.4397,100,293.7878788,581.7,21.76,395.77,41.9,4.12,2.085310004,0
266.3125,7,41.1797,-96.4397,100,202.6767677,401.3,11.86,428.7,90.7,2,2.090215461,0
266.3541667,8,41.1797,-96.4397,100,383.2828283,758.9,15.57,412.22,79.3,3.61,2.090542492,0
266.3958333,9,41.1797,-96.4397,100,548.7878788,1086.6,19.31,399.8,67.4,4.33,2.090869522,0
266.4375,10,41.1797,-96.4397,100,684.0909091,1354.5,22.3,393.31,57.9,4.61,2.091196553,0
266.4791667,11,41.1797,-96.4397,100,783.7878788,1551.9,24.1,393.6,51.3,4.76,2.091523584,0
266.5208333,12,41.1797,-96.4397,100,784.0909091,1552.5,25.43,393.72,45.1,5.56,2.091850614,0
266.5625,13,41.1797,-96.4397,100,761.7171717,1508.2,26.46,393.69,41.8,5.73,2.092177644,0
266.6041667,14,41.1797,-96.4397,100,656.969697,1300.8,27,394.51,40.8,6.37,2.092504675,0
266.6458333,15,41.1797,-96.4397,100,475.8585859,942.2,26.71,394.68,43.8,6.53,2.092831705,0
266.6875,16,41.1797,-96.4397,100,275.6060606,545.7,25.79,394.74,45.9,5.93,2.093158736,0
267.3125,7,41.1797,-96.4397,100,157.5252525,311.9,15.2,418.02,99,3.25,2.098064193,0
267.3541667,8,41.1797,-96.4397,100,360.8585859,714.5,17.72,410.02,89.3,4.66,2.098391224,0
267.3958333,9,41.1797,-96.4397,100,419.6464646,830.9,19.86,401.98,79.3,6.06,2.098718254,0
267.4375,10,41.1797,-96.4397,100,462.979798,916.7,21.48,398.39,72,5.56,2.099045285,0
267.4791667,11,41.1797,-96.4397,100,384.7474747,761.8,21.91,399.11,71.3,4.95,2.099372316,0
267.5208333,12,41.1797,-96.4397,100,393.8888889,779.9,21.93,402.49,70.6,4.35,2.099699346,0
267.5625,13,41.1797,-96.4397,100,657.020202,1300.9,23.61,403.94,64.1,3.71,2.100026376,0
267.6041667,14,41.1797,-96.4397,100,459.2929293,909.4,23.93,404.22,61.4,2.52,2.100353407,0
267.6458333,15,41.1797,-96.4397,100,369.2424242,731.1,24.4,403.86,58.6,2.85,2.100680437,0
267.6875,16,41.1797,-96.4397,100,248.030303,491.1,24.36,403.43,58.2,2.48,2.101007468,0
268.3125,7,41.1797,-96.4397,100,17.57575758,34.8,13.57,416.28,99.6,4.85,2.105912926,0
268.3541667,8,41.1797,-96.4397,100,57.02020202,112.9,13.13,411.12,99.9,4.35,2.106239956,0
268.3958333,9,41.1797,-96.4397,100,158.1818182,313.2,13.02,409.12,99.9,4.45,2.106566986,0
268.4375,10,41.1797,-96.4397,100,140.3030303,277.8,13.04,407.13,99.9,4.83,2.106894017,0
268.4791667,11,41.1797,-96.4397,100,367.5252525,727.7,13.41,405.66,99.9,5.85,2.107221048,0
268.5208333,12,41.1797,-96.4397,100,516.7676768,1023.2,14.9,402.57,88.6,7.18,2.107548078,0
268.5625,13,41.1797,-96.4397,100,457.6767677,906.2,16.34,400.17,70,6.68,2.107875109,0
268.6041667,14,41.1797,-96.4397,100,521.0606061,1031.7,17.53,398.88,62.4,6.57,2.108202139,0
268.6458333,15,41.1797,-96.4397,100,233.2323232,461.8,16.63,399.68,62.5,5.57,2.108529169,0
268.6875,16,41.1797,-96.4397,100,186.3636364,369,16.55,398.24,59.6,4.22,2.1088562,0
269.3125,7,41.1797,-96.4397,100,187.979798,372.2,8.09,419.07,85.9,2.35,2.113761658,0
269.3541667,8,41.1797,-96.4397,100,354.4444444,701.8,11.87,408.69,71.9,2.97,2.114088688,0
269.3958333,9,41.1797,-96.4397,100,454.4949495,899.9,14.85,403.05,57.6,3.63,2.114415718,0
269.4375,10,41.1797,-96.4397,100,652.0707071,1291.1,17.28,399.39,41,3.5,2.114742749,0
269.4791667,11,41.1797,-96.4397,100,743.6363636,1472.4,18.55,398.25,33.9,3.28,2.11506978,0
269.5208333,12,41.1797,-96.4397,100,733.8383838,1453,19.57,397.51,30.4,3.79,2.11539681,0
269.5625,13,41.1797,-96.4397,100,704.6464646,1395.2,20.31,397.57,27.8,3.24,2.115723841,0
269.6041667,14,41.1797,-96.4397,100,592.9292929,1174,20.8,397.69,26.4,3.31,2.116050871,0
269.6458333,15,41.1797,-96.4397,100,412.5252525,816.8,21.11,397.55,26.2,2.96,2.116377901,0
269.6875,16,41.1797,-96.4397,100,224.9494949,445.4,20.68,397.79,27.4,2.81,2.116704932,0
270.3125,7,41.1797,-96.4397,100,146.7676768,290.6,11.24,407.52,72.7,2.25,2.12161039,0
270.3541667,8,41.1797,-96.4397,100,301.9191919,597.8,14.13,404.49,62.9,4.18,2.12193742,0
270.3958333,9,41.1797,-96.4397,100,349.8989899,692.8,16.07,402.34,58,4.24,2.12226445,0
270.4375,10,41.1797,-96.4397,100,667.0707071,1320.8,19.46,400.43,48,4.53,2.122591481,0
270.4791667,11,41.1797,-96.4397,100,760.4040404,1505.6,21.94,399.75,42.8,4.55,2.122918512,0
270.5208333,12,41.1797,-96.4397,100,755.4040404,1495.7,23.33,400.28,39.5,3.71,2.123245542,0
270.5625,13,41.1797,-96.4397,100,755.5050505,1495.9,23.88,400.89,37.1,2.24,2.123572573,0
270.6041667,14,41.1797,-96.4397,100,643.4848485,1274.1,24.32,399.74,32.3,1.98,2.123899603,0
270.6458333,15,41.1797,-96.4397,100,432.5252525,856.4,24.11,397.98,31.1,2.63,2.124226633,0
270.6875,16,41.1797,-96.4397,100,188.1313131,372.5,22.07,397.73,36.8,3.78,2.124553664,0
271.3125,7,41.1797,-96.4397,100,25.35353535,50.2,8.68,404.49,80,3.09,2.129459122,0
271.3541667,8,41.1797,-96.4397,100,46.61616162,92.3,8.72,403.25,78.5,2.63,2.129786152,0
271.3958333,9,41.1797,-96.4397,100,68.48484848,135.6,8.4,401.65,79.7,2.68,2.130113182,0
271.4375,10,41.1797,-96.4397,100,70.65656566,139.9,8.4,401.51,77.9,3.49,2.130440213,0
271.4791667,11,41.1797,-96.4397,100,95.55555556,189.2,8.37,400.05,77.5,2.7,2.130767244,0
271.5208333,12,41.1797,-96.4397,100,72.92929293,144.4,7.97,399.15,78.6,1.51,2.131094274,0
271.5625,13,41.1797,-96.4397,100,101.5151515,201,7.96,398.2,76.1,0.61,2.131421305,0
271.6041667,14,41.1797,-96.4397,100,178.4848485,353.4,8.62,398.72,75.1,0.68,2.131748336,0
271.6458333,15,41.1797,-96.4397,100,240.1515152,475.5,9.76,400.65,71.6,1.28,2.132075365,0
271.6875,16,41.1797,-96.4397,100,126.1111111,249.7,10.1,400.87,70.5,1.19,2.132402396,0
272.3125,7,41.1797,-96.4397,100,15.80808081,31.3,8,407.68,81.1,3.7,2.137307854,0
272.3541667,8,41.1797,-96.4397,100,33.98989899,67.3,7.87,405.84,81,4.1,2.137634885,0
272.3958333,9,41.1797,-96.4397,100,46.66666667,92.4,7.6,406.1,90.4,4.02,2.137961915,0
272.4375,10,41.1797,-96.4397,100,81.16161616,160.7,7.29,404.93,99.6,3.54,2.138288945,0
272.4791667,11,41.1797,-96.4397,100,85.90909091,170.1,7.31,404.37,99.9,3.15,2.138615976,0
272.5208333,12,41.1797,-96.4397,100,100.2525253,198.5,7.62,404.18,99.9,3.92,2.138943006,0
272.5625,13,41.1797,-96.4397,100,122.0707071,241.7,7.87,403.77,99.9,4.53,2.139270037,0
272.6041667,14,41.1797,-96.4397,100,109.040404,215.9,8.34,404.04,99.9,4.03,2.139597068,0
272.6458333,15,41.1797,-96.4397,100,89.44444444,177.1,8.63,405.26,99.9,3.34,2.139924098,0
272.6875,16,41.1797,-96.4397,100,43.38383838,85.9,8.54,404.98,99.9,3.17,2.140251128,0
273.3125,7,41.1797,-96.4397,100,16.01010101,31.7,9,410.16,98.9,3.31,2.145156586,0
273.3541667,8,41.1797,-96.4397,100,52.52525253,104,9.07,409.99,98.5,3.15,2.145483617,0
273.3958333,9,41.1797,-96.4397,100,84.74747475,167.8,9.21,408.1,98.9,3.39,2.145810647,0
273.4375,10,41.1797,-96.4397,100,114.4949495,226.7,9.38,408.34,99.4,3.44,2.146137677,0
273.4791667,11,41.1797,-96.4397,100,174.3434343,345.2,9.67,407.62,99.8,3.8,2.146464708,0
273.5208333,12,41.1797,-96.4397,100,128.030303,253.5,9.79,407.68,99.9,3.4,2.146791738,0
273.5625,13,41.1797,-96.4397,100,86.81818182,171.9,9.65,407.19,99.9,3.63,2.147118769,0
273.6041667,14,41.1797,-96.4397,100,68.93939394,136.5,9.44,406.91,99.9,3.67,2.1474458,0
273.6458333,15,41.1797,-96.4397,100,53.03030303,105,9.38,406.82,99.9,3.55,2.14777283,0
273.6875,16,41.1797,-96.4397,100,28.13131313,55.7,9.26,406.32,99.9,3.69,2.14809986,0
274.3125,7,41.1797,-96.4397,100,48.63636364,96.3,9.51,415.95,99.9,1.35,2.153005318,0
274.3541667,8,41.1797,-96.4397,100,46.91919192,92.9,9.56,412.99,99.9,2.84,2.153332349,0
274.3958333,9,41.1797,-96.4397,100,67.72727273,134.1,9.59,411.12,99.9,3.28,2.153659379,0
274.4375,10,41.1797,-96.4397,100,152.4242424,301.8,10,411.29,99.9,2.93,2.153986409,0
274.4791667,11,41.1797,-96.4397,100,201.4646465,398.9,10.44,409.96,99.9,2.37,2.15431344,0
274.5208333,12,41.1797,-96.4397,100,148.8383838,294.7,10.53,409.8,99.9,1.88,2.15464047,0
274.5625,13,41.1797,-96.4397,100,217.2222222,430.1,11.59,409.78,96.5,2.34,2.154967501,0
274.6041667,14,41.1797,-96.4397,100,165.2525253,327.2,12.31,408.84,90,3.7,2.155294532,0
274.6458333,15,41.1797,-96.4397,100,91.46464646,181.1,12.47,408.85,87.4,3.68,2.155621562,0
274.6875,16,41.1797,-96.4397,100,52.47474747,103.9,12.36,409.13,87,3.16,2.155948592,0
275.3125,7,41.1797,-96.4397,100,42.32323232,83.8,10.62,419.98,98.8,2.37,2.16085405,0
275.3541667,8,41.1797,-96.4397,100,87.97979798,174.2,11.22,417.49,96.5,2.1,2.161181081,0
275.3958333,9,41.1797,-96.4397,100,128.5858586,254.6,11.53,415.25,97.5,2.37,2.161508111,0
275.4375,10,41.1797,-96.4397,100,136.3131313,269.9,12.19,415.17,97.5,2.55,2.161835142,0
275.4791667,11,41.1797,-96.4397,100,169.0909091,334.8,12.68,416.62,98.1,2.96,2.162162172,0
275.5208333,12,41.1797,-96.4397,100,226.9191919,449.3,14.22,416.43,92.8,3.3,2.162489202,0
275.5625,13,41.1797,-96.4397,100,249.3434343,493.7,15.92,416.73,89,4.19,2.162816233,0
275.6041667,14,41.1797,-96.4397,100,167.3737374,331.4,17.55,417.08,86.3,3.27,2.163143264,0
275.6458333,15,41.1797,-96.4397,100,205.7575758,407.4,18.62,415.57,85,3.05,2.163470294,0
275.6875,16,41.1797,-96.4397,100,107.020202,211.9,18.68,417.15,87.4,2.41,2.163797325,0
276.3125,7,41.1797,-96.4397,100,117.1212121,231.9,22.31,403.22,85.5,5.36,2.168702782,0
276.3541667,8,41.1797,-96.4397,100,309.8989899,613.6,24.28,401.64,77.2,7.29,2.169029813,0
276.3958333,9,41.1797,-96.4397,100,471.5151515,933.6,26.26,400.62,69.2,8.1,2.169356843,0
276.4375,10,41.1797,-96.4397,100,599.3939394,1186.8,28.1,400.15,62,8.31,2.169683874,0
276.4791667,11,41.1797,-96.4397,100,698.5858586,1383.2,29.77,398.54,55.5,9.06,2.170010904,0
276.5208333,12,41.1797,-96.4397,100,709.7979798,1405.4,31.13,397.8,51.4,8.41,2.170337934,0
276.5625,13,41.1797,-96.4397,100,686.1616162,1358.6,32.46,397.41,46.2,8.16,2.170664965,0
276.6041667,14,41.1797,-96.4397,100,600.8080808,1189.6,33.52,397.7,40.5,7.3,2.170991996,0
276.6458333,15,41.1797,-96.4397,100,431.3131313,854,34.23,400.88,33.3,6.6,2.171319026,0
276.6875,16,41.1797,-96.4397,100,244.6464646,484.4,33.24,403.2,30.2,6.79,2.171646057,0
277.3125,7,41.1797,-96.4397,100,141.6161616,280.4,3.96,401.66,73.4,5.52,2.176551514,0
277.3541667,8,41.1797,-96.4397,100,345.5050505,684.1,5.74,401.18,67.7,5.73,2.176878545,0
277.3958333,9,41.1797,-96.4397,100,473.2323232,937,6.98,401.51,63.5,5.63,2.177205575,0
277.4375,10,41.1797,-96.4397,100,506.5656566,1003,8.07,402.14,60.5,4.7,2.177532606,0
277.4791667,11,41.1797,-96.4397,100,251.2626263,497.5,8.58,401.19,58.3,4.52,2.177859636,0
277.5208333,12,41.1797,-96.4397,100,217.7272727,431.1,9.27,400.27,54.9,4.02,2.178186666,0
277.5625,13,41.1797,-96.4397,100,145.8080808,288.7,9.07,399.62,57.9,4.06,2.178513697,0
277.6041667,14,41.1797,-96.4397,100,145.4040404,287.9,10.2,399.68,54.4,4.09,2.178840728,0
277.6458333,15,41.1797,-96.4397,100,199.9494949,395.9,11.42,400.54,51.9,4.5,2.179167758,0
277.6875,16,41.1797,-96.4397,100,65.1010101,128.9,12.25,401.92,49.8,3.31,2.179494789,0
278.3125,7,41.1797,-96.4397,100,66.21212121,131.1,8.05,430.12,99.7,0.91,2.184400246,0
278.3541667,8,41.1797,-96.4397,100,144.5959596,286.3,9.4,413.14,92.6,1.08,2.184727277,0
278.3958333,9,41.1797,-96.4397,100,98.98989899,196,10.53,405.48,85.7,2.8,2.185054307,0
278.4375,10,41.1797,-96.4397,100,129.2424242,255.9,10.45,407.42,93.9,2.42,2.185381338,0
278.4791667,11,41.1797,-96.4397,100,113.5858586,224.9,11.01,407.54,95.9,2.31,2.185708369,0
278.5208333,12,41.1797,-96.4397,100,144.8989899,286.9,11.64,405.99,93.7,2.07,2.186035399,0
278.5625,13,41.1797,-96.4397,100,134.7979798,266.9,12.01,404.43,92.1,2.06,2.186362429,0
278.6041667,14,41.1797,-96.4397,100,97.72727273,193.5,11.98,404.93,95.7,1.64,2.18668946,0
278.6458333,15,41.1797,-96.4397,100,67.47474747,133.6,11.87,405.94,99.8,1.33,2.18701649,0
278.6875,16,41.1797,-96.4397,100,50.15151515,99.3,11.86,407.28,99.9,1.97,2.187343521,0
279.3125,7,41.1797,-96.4397,100,19.14141414,37.9,6.43,406.62,83.9,3.2,2.192248978,0
279.3541667,8,41.1797,-96.4397,100,72.22222222,143,6.46,405.34,81.2,4.39,2.192576009,0
279.3958333,9,41.1797,-96.4397,100,142.8282828,282.8,7.04,405.27,80,4.38,2.192903039,0
279.4375,10,41.1797,-96.4397,100,172.9292929,342.4,7.51,405.14,80.1,5.08,2.19323007,0
279.4791667,11,41.1797,-96.4397,100,182.4747475,361.3,8.06,405.32,77.8,4.13,2.193557101,0
279.5208333,12,41.1797,-96.4397,100,243.2323232,481.6,8.82,405.41,74.7,3.59,2.193884131,0
279.5625,13,41.1797,-96.4397,100,128.989899,255.4,8.94,405.01,74,3.61,2.194211161,0
279.6041667,14,41.1797,-96.4397,100,139.0909091,275.4,9,404.95,73.8,4.25,2.194538192,0
279.6458333,15,41.1797,-96.4397,100,271.1616162,536.9,10.27,404.38,69,4.7,2.194865222,0
279.6875,16,41.1797,-96.4397,100,53.83838384,106.6,9.93,404.38,70.4,3.69,2.195192253,0
280.3125,7,41.1797,-96.4397,100,15,29.7,6.81,409.92,97.9,3.51,2.20009771,0
280.3541667,8,41.1797,-96.4397,100,48.63636364,96.3,6.96,409.72,99.9,3.99,2.200424741,0
280.3958333,9,41.1797,-96.4397,100,87.82828283,173.9,7.6,408.27,99.4,2.86,2.200751771,0
280.4375,10,41.1797,-96.4397,100,65.75757576,130.2,7.95,408.52,98.7,2.73,2.201078802,0
280.4791667,11,41.1797,-96.4397,100,92.37373737,182.9,8.26,408.7,99.8,3.51,2.201405833,0
280.5208333,12,41.1797,-96.4397,100,133.1313131,263.6,8.71,410.07,99.9,3.73,2.201732863,0
280.5625,13,41.1797,-96.4397,100,138.1313131,273.5,9.35,411.94,99.9,2.81,2.202059893,0
280.6041667,14,41.1797,-96.4397,100,81.51515152,161.4,9.67,412.18,99.9,2.63,2.202386924,0
280.6458333,15,41.1797,-96.4397,100,54.39393939,107.7,9.89,412.76,99.9,1.99,2.202713954,0
280.6875,16,41.1797,-96.4397,100,46.91919192,92.9,10.1,412.45,99.9,1.79,2.203040985,0
281.3125,7,41.1797,-96.4397,100,14.24242424,28.2,11.7,439.21,99.9,1.36,2.207946443,0
281.3541667,8,41.1797,-96.4397,100,30.3030303,60,11.94,437.93,99.9,1.47,2.208273473,0
281.3958333,9,41.1797,-96.4397,100,67.47474747,133.6,12.15,436.86,99.9,1.19,2.208600503,0
281.4375,10,41.1797,-96.4397,100,104.6969697,207.3,12.78,438.14,99.9,1.91,2.208927534,0
281.4791667,11,41.1797,-96.4397,100,129.3939394,256.2,13.25,439.33,99.9,1.63,2.209254565,0
281.5208333,12,41.1797,-96.4397,100,128.0808081,253.6,13.12,441.39,99.9,2.37,2.209581595,0
281.5625,13,41.1797,-96.4397,100,57.72727273,114.3,13.05,438.81,99.9,2.4,2.209908626,0
281.6041667,14,41.1797,-96.4397,100,44.6969697,88.5,13.02,438.68,99.9,2.06,2.210235656,0
281.6458333,15,41.1797,-96.4397,100,113.7373737,225.2,13.68,438.15,99.9,2.71,2.210562686,0
281.6875,16,41.1797,-96.4397,100,38.33333333,75.9,14.12,442.3,99.9,1.76,2.210889717,0
282.3125,7,41.1797,-96.4397,101,12.37373737,24.5,9.65,421.11,99.9,4.1,2.215795175,0
282.3541667,8,41.1797,-96.4397,102,39.14141414,77.5,9.54,420.93,99.9,4.47,2.216122205,0
282.3958333,9,41.1797,-96.4397,103,62.02020202,122.8,9.66,420.67,99.9,4.82,2.216449235,0
282.4375,10,41.1797,-96.4397,104,66.66666667,132,9.93,418.12,99.9,4.68,2.216776266,0
282.4791667,11,41.1797,-96.4397,105,74.14141414,146.8,10.06,417.57,99.9,4.4,2.217103297,0
282.5208333,12,41.1797,-96.4397,106,114.8989899,227.5,10.34,416.04,99.9,5.81,2.217430327,0
282.5625,13,41.1797,-96.4397,107,79.49494949,157.4,10.39,415.16,99.9,4.24,2.217757358,0
282.6041667,14,41.1797,-96.4397,108,85.85858586,170,10.37,414.26,99.9,5.54,2.218084388,0
282.6458333,15,41.1797,-96.4397,109,48.53535354,96.1,10.19,413.89,99.9,5.91,2.218411418,0
282.6875,16,41.1797,-96.4397,110,22.72727273,45,10.17,414.46,99.9,5.31,2.218738449,0
283.3125,7,41.1797,-96.4397,111,44.54545455,88.2,5.4,403.05,100,4.84,2.223643907,0
283.3541667,8,41.1797,-96.4397,112,149.1919192,295.4,5.66,401.62,100,5.41,2.223970937,0
283.3958333,9,41.1797,-96.4397,113,194.4444444,385,5.23,403.29,93.8,6.01,2.224297967,0
283.4375,10,41.1797,-96.4397,114,283.5353535,561.4,6.1,401.27,82.1,5.97,2.224624998,0
283.4791667,11,41.1797,-96.4397,115,320.6060606,634.8,6.86,401.05,77.4,6.75,2.224952029,0
283.5208333,12,41.1797,-96.4397,116,351.0606061,695.1,7.07,401.02,71.6,7.34,2.225279059,0
283.5625,13,41.1797,-96.4397,117,300.0505051,594.1,7.59,401.03,67.5,7,2.22560609,0
283.6041667,14,41.1797,-96.4397,118,179.7474747,355.9,7.49,401.06,65.8,6.68,2.22593312,0
283.6458333,15,41.1797,-96.4397,119,127.2222222,251.9,7.57,400.99,63.1,6.75,2.22626015,0
283.6875,16,41.1797,-96.4397,120,64.5959596,127.9,7.08,400.66,63.6,6.72,2.226587181,0
284.3125,7,41.1797,-96.4397,121,43.63636364,86.4,3.1,400.57,74.7,3.82,2.231492639,0
284.3541667,8,41.1797,-96.4397,122,101.4141414,200.8,3.43,401.01,72.5,3.75,2.23181967,0
284.3958333,9,41.1797,-96.4397,123,162.7777778,322.3,3.95,400.76,69,3.57,2.232146699,0
284.4375,10,41.1797,-96.4397,124,246.6161616,488.3,4.89,400.67,65.9,3.15,2.23247373,0
284.4791667,11,41.1797,-96.4397,125,459.6969697,910.2,6,400.8,61.1,3.06,2.232800761,0
284.5208333,12,41.1797,-96.4397,126,568.3838384,1125.4,7.82,400.92,54.2,2.95,2.233127791,0
284.5625,13,41.1797,-96.4397,127,609.4444444,1206.7,9.33,400.48,48.4,2.72,2.233454822,0
284.6041667,14,41.1797,-96.4397,128,504.1919192,998.3,10.16,400.36,44.1,2.2,2.233781853,0
284.6458333,15,41.1797,-96.4397,129,351.6666667,696.3,10.62,400.26,41.3,1.88,2.234108883,0
284.6875,16,41.1797,-96.4397,130,164.9494949,326.6,10.22,400.57,41.6,1.38,2.234435913,0
285.3125,7,41.1797,-96.4397,131,23.88888889,47.3,4.56,410.05,94.4,1.78,2.239341371,0
285.3541667,8,41.1797,-96.4397,132,46.11111111,91.3,4.68,407.86,94.2,2.5,2.239668402,0
285.3958333,9,41.1797,-96.4397,133,78.78787879,156,4.94,404.73,93.8,2.39,2.239995432,0
285.4375,10,41.1797,-96.4397,134,97.47474747,193,5.17,402.66,92.8,1.6,2.240322462,0
285.4791667,11,41.1797,-96.4397,135,163.0808081,322.9,5.66,402.09,90.6,2.61,2.240649493,0
285.5208333,12,41.1797,-96.4397,136,141.8686869,280.9,5.74,403.21,88.4,2.72,2.240976523,0
285.5625,13,41.1797,-96.4397,137,155,306.9,6.11,402.43,86.7,3.1,2.241303554,0
285.6041667,14,41.1797,-96.4397,138,123.4848485,244.5,6.97,401.76,85.4,2.53,2.241630585,0
285.6458333,15,41.1797,-96.4397,139,49.8989899,98.8,7.17,401.41,84.6,2.21,2.241957615,0
285.6875,16,41.1797,-96.4397,140,66.01010101,130.7,7.58,401.97,80.4,1.4,2.242284645,0
286.3125,7,41.1797,-96.4397,141,124.9494949,247.4,3.63,413.49,98.5,3.77,2.247190103,0
286.3541667,8,41.1797,-96.4397,142,305.6060606,605.1,6.19,410.58,94.2,4.57,2.247517134,0
286.3958333,9,41.1797,-96.4397,143,424.6969697,840.9,8.72,408.31,78.4,5.75,2.247844164,0
286.4375,10,41.1797,-96.4397,144,536.969697,1063.2,11.38,406.03,68.8,5.93,2.248171194,0
286.4791667,11,41.1797,-96.4397,145,610.6060606,1209,14.44,404,54.7,6,2.248498225,0
286.5208333,12,41.1797,-96.4397,146,692.6767677,1371.5,16.23,404.51,49.3,6.23,2.248825255,0
286.5625,13,41.1797,-96.4397,147,486.8181818,963.9,16.75,404.36,49.7,5.11,2.249152286,0
286.6041667,14,41.1797,-96.4397,148,488.1313131,966.5,18.03,403.51,47.3,4.89,2.249479317,0
286.6458333,15,41.1797,-96.4397,149,371.1111111,734.8,17.94,403.09,48.1,4.4,2.249806347,0
286.6875,16,41.1797,-96.4397,150,161.969697,320.7,17.06,402.49,50.2,4.2,2.250133377,0
287.3125,7,41.1797,-96.4397,151,14.44444444,28.6,2.13,404.85,90.6,6.77,2.255038835,0
287.3541667,8,41.1797,-96.4397,152,28.33333333,56.1,1.28,404,92.1,5.16,2.255365866,0
287.3958333,9,41.1797,-96.4397,153,28.93939394,57.3,0.44,404.44,96.1,4.15,2.255692896,0
287.4375,10,41.1797,-96.4397,154,59.8989899,118.6,0.22,404.12,96.6,5.08,2.256019926,0
287.4791667,11,41.1797,-96.4397,155,81.96969697,162.3,0.02,403.73,95.3,4.44,2.256346957,0
287.5208333,12,41.1797,-96.4397,156,128.7373737,254.9,0.01,403.27,93.9,3.66,2.256673987,0
287.5625,13,41.1797,-96.4397,157,243.5353535,482.2,0.7,401.94,84.7,4.08,2.257001018,0
287.6041667,14,41.1797,-96.4397,158,188.6868687,373.6,1,401.63,80.6,4.41,2.257328049,0
287.6458333,15,41.1797,-96.4397,159,140.8080808,278.8,1.23,401.67,79.6,4.06,2.257655079,0
287.6875,16,41.1797,-96.4397,160,70.4040404,139.4,1.41,402.1,72.9,4.91,2.25798211,0
