0.76328809,0.76328809,0.391811841,0.391811841,11,11,0.83,0.83,1,1,12.18
1.238652502,1.238652502,0.27729356,0.27729356,11,11,0.83,0.83,0.59,0.59,27.47
1.637852516,1.637852516,0.197537162,0.197537162,11,11,0.83,0.83,0.55,0.55,29.54
1.880544173,1.880544173,0.157070025,0.157070025,11,11,0.83,0.83,0.53,0.53,29.69
2.102872662,2.102872662,0.130174613,0.130174613,11,11,0.83,0.83,0.52,0.52,28.27
2.137035979,2.137035979,0.124537482,0.124537482,11,11,0.83,0.83,0.54,0.54,25.52
2.307564918,2.307564918,0.135203592,0.135203592,11,11,0.83,0.83,0.56,0.56,27.77
1.987248625,1.987248625,0.167376661,0.167376661,11,11,0.83,0.83,0.57,0.57,26.14
1.91096388,1.91096388,0.211803028,0.211803028,11,11,0.83,0.83,0.57,0.57,29.54
1.530490069,1.530490069,0.291889915,0.291889915,11,11,0.83,0.83,0.62,0.62,26.33
-9999,-9999,0.414518136,0.414518136,11,11,0.83,0.83,0.69,0.69,182521.42
-9999,-9999,0.287377513,0.287377513,11,11,0.83,0.83,1,1,100199.71
-9999,-9999,0.200905918,0.200905918,11,11,0.83,0.83,1,1,80710.46
-9999,-9999,0.158946351,0.158946351,11,11,0.83,0.83,1,1,70209.78
-9999,-9999,0.127312759,0.127312759,11,11,0.83,0.83,1,1,61449.8
-9999,-9999,0.120751139,0.120751139,11,11,0.83,0.83,1,1,59708.42
-9999,-9999,0.131080512,0.131080512,11,11,0.83,0.83,1,1,63045.88
-9999,-9999,0.162272452,0.162272452,11,11,0.83,0.83,1,1,72214.07
-9999,-9999,0.205266006,0.205266006,11,11,0.83,0.83,1,1,83748.02
-9999,-9999,0.279807461,0.279807461,11,11,0.83,0.83,1,1,101709.3
0.792414797,0.792414797,0.381889663,0.381889663,11,11,0.83,0.83,1,1,15.06
1.202960318,1.202960318,0.271480884,0.271480884,11,11,0.83,0.83,0.62,0.62,28.47
1.60586228,1.60586228,0.19122232,0.19122232,11,11,0.83,0.83,0.56,0.56,30.76
1.628694033,1.628694033,0.164179728,0.164179728,11,11,0.83,0.83,0.53,0.53,26.35
2.100995482,2.100995482,0.123125816,0.123125816,11,11,0.83,0.83,0.53,0.53,27.21
2.031457979,2.031457979,0.118366025,0.118366025,11,11,0.83,0.83,0.55,0.55,22.91
1.893953134,1.893953134,0.125714282,0.125714282,11,11,0.83,0.83,0.56,0.56,21.26
1.643558479,1.643558479,0.161687705,0.161687705,11,11,0.83,0.83,0.56,0.56,21.51
1.642183928,1.642183928,0.209880166,0.209880166,11,11,0.83,0.83,0.59,0.59,24.69
1.570907825,1.570907825,0.287486737,0.287486737,11,11,0.83,0.83,0.62,0.62,29.08
0.8453127,0.8453127,0.395702129,0.395702129,11,11,0.83,0.83,0.7,0.7,22.4
1.323694448,1.323694448,0.279594888,0.279594888,11,11,0.83,0.83,0.62,0.62,30.33
1.871383229,1.871383229,0.197293354,0.197293354,11,11,0.83,0.83,0.57,0.57,35.01
2.22205393,2.22205393,0.155451957,0.155451957,11,11,0.83,0.83,0.56,0.56,35.09
2.772776636,2.772776636,0.129459324,0.129459324,11,11,0.83,0.83,0.55,0.55,38.4
2.802288033,2.802288033,0.122787071,0.122787071,11,11,0.83,0.83,0.59,0.59,34.18
2.611151577,2.611151577,0.138980235,0.138980235,11,11,0.83,0.83,0.6,0.6,33.14
2.397114108,2.397114108,0.163401723,0.163401723,11,11,0.83,0.83,0.6,0.6,33.35
2.192781766,2.192781766,0.208746736,0.208746736,11,11,0.83,0.83,0.61,0.61,35.16
1.754172914,1.754172914,0.290727595,0.290727595,11,11,0.83,0.83,0.66,0.66,32.25
0.872502482,0.872502482,0.387996659,0.387996659,11,11,0.83,0.83,0.73,0.73,22.52
1.309289653,1.309289653,0.274228507,0.274228507,11,11,0.83,0.83,0.61,0.61,31.71
1.823966147,1.823966147,0.194631247,0.194631247,11,11,0.83,0.83,0.57,0.57,36.34
2.228665917,2.228665917,0.154715311,0.154715311,11,11,0.83,0.83,0.54,0.54,39.13
2.64127531,2.64127531,0.130670218,0.130670218,11,11,0.83,0.83,0.55,0.55,38.69
3.325705364,3.325705364,0.124442869,0.124442869,11,11,0.83,0.83,0.58,0.58,45.32
3.039651296,3.039651296,0.135563712,0.135563712,11,11,0.83,0.83,1.24,1.24,15.98
2.872670458,2.872670458,0.17440527,0.17440527,11,11,0.83,0.83,0.59,0.59,46.42
2.283711387,2.283711387,0.213439139,0.213439139,11,11,0.83,0.83,0.6,0.6,40.24
1.725137288,1.725137288,0.291973115,0.291973115,11,11,0.83,0.83,0.63,0.63,34.56
0.636772415,0.636772415,0.429388339,0.429388339,11,11,0.83,0.83,0.7,0.7,20.21
0.86758198,0.86758198,0.394163867,0.394163867,11,11,0.83,0.83,0.74,0.74,24.18
0.544597634,0.544597634,0.369295349,0.369295349,11,11,0.83,0.83,0.62,0.62,14.82
0.427601038,0.427601038,0.533184079,0.533184079,11,11,0.83,0.83,0.61,0.61,16.2
0.284327796,0.284327796,0.432294352,0.432294352,11,11,0.83,0.83,0.83,0.83,5.56
0.803780756,0.803780756,0.351228401,0.351228401,11,11,0.83,0.83,0.7,0.7,20.9
0.971317893,0.971317893,0.320187489,0.320187489,11,11,0.83,0.83,0.65,0.65,26.52
1.980871723,1.980871723,0.225187126,0.225187126,11,11,0.83,0.83,0.61,0.61,48.21
1.832149094,1.832149094,0.274958926,0.274958926,11,11,0.83,0.83,0.62,0.62,50.32
1.176723667,1.176723667,0.292417252,0.292417252,11,11,0.83,0.83,0.64,0.64,31.21
0.500248766,0.500248766,0.531464672,0.531464672,11,11,0.83,0.83,0.73,0.73,20.67
0.965403694,0.965403694,0.35233123,0.35233123,11,11,0.83,0.83,1,1,20.98
1.220043357,1.220043357,0.315237628,0.315237628,11,11,0.83,0.83,0.68,0.68,35.41
1.050899209,1.050899209,0.251493395,0.251493395,11,11,0.83,0.83,0.39,0.39,45.11
2.424748844,2.424748844,0.148762597,0.148762597,11,11,0.83,0.83,0.58,0.58,48.67
1.483495559,1.483495559,0.211682334,0.211682334,11,11,0.83,0.83,0.55,0.55,38.24
1.963505784,1.963505784,0.240260014,0.240260014,11,11,0.83,0.83,0.61,0.61,51.04
1.804493671,1.804493671,0.276530667,0.276530667,11,11,0.83,0.83,0.6,0.6,52.24
2.511468414,2.511468414,0.323550992,0.323550992,11,11,0.83,0.83,0.5,0.5,100.51
0.956468111,0.956468111,0.345995832,0.345995832,11,11,0.83,0.83,0.65,0.65,26.6
0.942673386,0.942673386,0.387775563,0.387775563,11,11,0.83,0.83,0.66,0.66,38.39
1.306029233,1.306029233,0.263277005,0.263277005,11,11,0.83,0.83,0.83,0.83,31.35
1.687604885,1.687604885,0.196451725,0.196451725,11,11,0.83,0.83,0.67,0.67,37.04
1.991477269,1.991477269,0.147510112,0.147510112,11,11,0.83,0.83,0.53,0.53,44.22
1.084349831,1.084349831,0.152743757,0.152743757,11,11,0.83,0.83,0.52,0.52,21.02
2.515689006,2.515689006,0.178105617,0.178105617,11,11,0.83,0.83,0.56,0.56,58.32
2.673587264,2.673587264,0.137000795,0.137000795,11,11,0.83,0.83,0.6,0.6,46.7
2.272717106,2.272717106,0.188982936,0.188982936,11,11,0.83,0.83,0.57,0.57,51.26
1.4956363,1.4956363,0.237356143,0.237356143,11,11,0.83,0.83,0.6,0.6,34.67
1.393775564,1.393775564,0.319154952,0.319154952,11,11,0.83,0.83,0.6,0.6,40.08
0.304040787,0.304040787,0.578519196,0.578519196,11,11,0.83,0.83,0.71,0.71,12.7
1.359160365,1.359160365,0.337939447,0.337939447,11,11,0.83,0.83,0.67,0.67,47.47
1.140261713,1.140261713,0.304783512,0.304783512,11,11,0.83,0.83,0.59,0.59,40.04
2.79113784,2.79113784,0.185514255,0.185514255,11,11,0.83,0.83,0.58,0.58,72.73
2.389954483,2.389954483,0.125106669,0.125106669,11,11,0.83,0.83,0.55,0.55,48.06
2.297463898,2.297463898,0.167392563,0.167392563,11,11,0.83,0.83,0.53,0.53,57.44
1.376630486,1.376630486,0.186929535,0.186929535,11,11,0.83,0.83,0.56,0.56,31.98
2.400469878,2.400469878,0.158901057,0.158901057,11,11,0.83,0.83,0.55,0.55,53.44
1.802667175,1.802667175,0.278058557,0.278058557,11,11,0.83,0.83,0.55,0.55,57.84
1.635950949,1.635950949,0.284390055,0.284390055,11,11,0.83,0.83,0.68,0.68,40.92
0.062281733,0.062281733,0.726738509,0.726738509,11,11,0.83,0.83,0.9,0.9,0.4
0.073361878,0.073361878,0.747819567,0.747819567,11,11,0.83,0.83,0.7,0.7,2.09
0.020918417,0.020918417,0.741171267,0.741171267,11,11,0.83,0.83,0.74,0.74,-0.96
0.128159088,0.128159088,0.577256511,0.577256511,11,11,0.83,0.83,0.75,0.75,4.13
0.421552337,0.421552337,0.488747858,0.488747858,11,11,0.83,0.83,0.74,0.74,16.2
0.704729049,0.704729049,0.393677375,0.393677375,11,11,0.83,0.83,0.68,0.68,26.5
0.650602952,0.650602952,0.359909182,0.359909182,11,11,0.83,0.83,0.83,0.83,18.9
1.296642214,1.296642214,0.234175709,0.234175709,11,11,0.83,0.83,0.53,0.53,44.03
0.971803635,0.971803635,0.329569325,0.329569325,11,11,0.83,0.83,0.38,0.38,56.76
1.329464161,1.329464161,0.320065841,0.320065841,11,11,0.83,0.83,0.67,0.67,42.34
0.177246193,0.177246193,0.63823192,0.63823192,11,11,0.83,0.83,0.71,0.71,7.55
0.618755401,0.618755401,0.460223264,0.460223264,11,11,0.83,0.83,0.73,0.73,23.3
1.621562765,1.621562765,0.261407823,0.261407823,11,11,0.83,0.83,0.83,0.83,36.87
2.265969041,2.265969041,0.166884462,0.166884462,11,11,0.83,0.83,0.61,0.61,51.78
2.934849777,2.934849777,0.141404097,0.141404097,11,11,0.83,0.83,0.56,0.56,63.96
1.499391842,1.499391842,0.221958789,0.221958789,11,11,0.83,0.83,0.58,0.58,40.07
2.446198245,2.446198245,0.188516725,0.188516725,11,11,0.83,0.83,0.65,0.65,53.52
2.97659894,2.97659894,0.272281574,0.272281574,11,11,0.83,0.83,0.74,0.74,74.36
2.215161041,2.215161041,0.285201722,0.285201722,11,11,0.83,0.83,0.62,0.62,67.64
1.913727987,1.913727987,0.333696443,0.333696443,11,11,0.83,0.83,0.65,0.65,61.08
-9999,-9999,0.410481856,0.410481856,11,11,0.83,0.83,0.74,0.74,244301.66
-9999,-9999,0.293307553,0.293307553,11,11,0.83,0.83,1,1,147529.06
-9999,-9999,0.210079646,0.210079646,11,11,0.83,0.83,1,1,119983.14
-9999,-9999,0.161411455,0.161411455,11,11,0.83,0.83,1,1,101354.06
-9999,-9999,0.134985414,0.134985414,11,11,0.83,0.83,1,1,90591.41
-9999,-9999,0.127300665,0.127300665,11,11,0.83,0.83,1,1,87475.82
-9999,-9999,0.13657197,0.13657197,11,11,0.83,0.83,1,1,91487.42
-9999,-9999,0.162936691,0.162936691,11,11,0.83,0.83,1,1,102182.94
-9999,-9999,0.214557277,0.214557277,11,11,0.83,0.83,0.6,0.6,201344.22
-9999,-9999,0.296585852,0.296585852,11,11,0.83,0.83,1,1,148304.46
0.973662151,0.973662151,0.398645172,0.398645172,11,11,0.83,0.83,0.75,0.75,34.36
1.53840377,1.53840377,0.283069295,0.283069295,11,11,0.83,0.83,0.67,0.67,47.79
2.132331385,2.132331385,0.200638891,0.200638891,11,11,0.83,0.83,0.59,0.59,58.62
2.616665541,2.616665541,0.157458468,0.157458468,11,11,0.83,0.83,0.56,0.56,63.32
1.252809328,1.252809328,0.195056981,0.195056981,11,11,0.83,0.83,0.56,0.56,31.58
2.661858623,2.661858623,0.176388108,0.176388108,11,11,0.83,0.83,0.61,0.61,61.24
-9999,-9999,0.325184179,0.325184179,11,11,0.83,0.83,0.59,0.59,264728.87
-9999,-9999,0.343147961,0.343147961,11,11,0.83,0.83,0.63,0.63,256277.09
-9999,-9999,0.220613373,0.220613373,11,11,0.83,0.83,0.64,0.64,192347.82
-9999,-9999,0.287295622,0.287295622,11,11,0.83,0.83,0.65,0.65,224415.96
1.023271962,1.023271962,0.393340924,0.393340924,11,11,0.83,0.83,0.73,0.73,38.2
1.620591969,1.620591969,0.278032143,0.278032143,11,11,0.83,0.83,0.69,0.69,49.27
2.324929884,2.324929884,0.197330843,0.197330843,11,11,0.83,0.83,0.62,0.62,61.16
2.660492399,2.660492399,0.155688424,0.155688424,11,11,0.83,0.83,0.57,0.57,63.3
3.229066298,3.229066298,0.131529575,0.131529575,11,11,0.83,0.83,0.57,0.57,67.81
3.316901093,3.316901093,0.120258877,0.120258877,11,11,0.83,0.83,0.57,0.57,65.15
2.884613215,2.884613215,0.154891787,0.154891787,11,11,0.83,0.83,0.57,0.57,65.69
2.433136257,2.433136257,0.168878028,0.168878028,11,11,0.83,0.83,0.62,0.62,51.96
2.338964319,2.338964319,0.197031128,0.197031128,11,11,0.83,0.83,0.59,0.59,58.5
1.007290457,1.007290457,0.398531574,0.398531574,11,11,0.83,0.83,0.62,0.62,36.44
0.584945308,0.584945308,0.454013407,0.454013407,11,11,0.83,0.83,0.81,0.81,20.54
1.487540426,1.487540426,0.28044615,0.28044615,11,11,0.83,0.83,0.73,0.73,43.47
1.994496087,1.994496087,0.201345377,0.201345377,11,11,0.83,0.83,0.62,0.62,53.11
2.463731402,2.463731402,0.183638055,0.183638055,11,11,0.83,0.83,0.59,0.59,63.06
1.829017035,1.829017035,0.203170744,0.203170744,11,11,0.83,0.83,0.59,0.59,48.22
2.889619611,2.889619611,0.123008902,0.123008902,11,11,0.83,0.83,0.61,0.61,53.14
2.608836658,2.608836658,0.134934129,0.134934129,11,11,0.83,0.83,0.56,0.56,54.29
2.272797108,2.272797108,0.158268305,0.158268305,11,11,0.83,0.83,0.56,0.56,52.01
2.035769439,2.035769439,0.268965126,0.268965126,11,11,0.83,0.83,0.64,0.64,57.7
1.679743648,1.679743648,0.304089397,0.304089397,11,11,0.83,0.83,0.67,0.67,48.45
-9999,-9999,0.622838171,0.622838171,11,11,0.83,0.83,0.74,0.74,320082.03
-9999,-9999,0.502495522,0.502495522,11,11,0.83,0.83,1.17,1.17,177199.72
-9999,-9999,0.363620859,0.363620859,11,11,0.83,0.83,0.71,0.71,238279.39
-9999,-9999,0.470032447,0.470032447,11,11,0.83,0.83,0.68,0.68,293080.99
-9999,-9999,0.329256383,0.329256383,11,11,0.83,0.83,0.73,0.73,218842.12
-9999,-9999,0.30052824,0.30052824,11,11,0.83,0.83,0.67,0.67,228002.66
-9999,-9999,0.215599329,0.215599329,11,11,0.83,0.83,0.69,0.69,179949.34
-9999,-9999,0.198571995,0.198571995,11,11,0.83,0.83,0.6,0.6,196198.29
-9999,-9999,0.253676981,0.253676981,11,11,0.83,0.83,0.72,0.72,192149.03
-9999,-9999,0.283661529,0.283661529,11,11,0.83,0.83,0.66,0.66,223090.42
0.777111687,0.777111687,0.438123891,0.438123891,11,11,0.83,0.83,0.76,0.76,30.91
1.484014539,1.484014539,0.310246371,0.310246371,11,11,0.83,0.83,0.71,0.71,48.82
1.932191994,1.932191994,0.221432262,0.221432262,11,11,0.83,0.83,0.61,0.61,56.58
2.403675836,2.403675836,0.158584366,0.158584366,11,11,0.83,0.83,0.57,0.57,58.42
2.822494796,2.822494796,0.136377493,0.136377493,11,11,0.83,0.83,0.55,0.55,64.08
3.004928681,3.004928681,0.126480953,0.126480953,11,11,0.83,0.83,0.57,0.57,61.59
2.954988877,2.954988877,0.134998238,0.134998238,11,11,0.83,0.83,0.57,0.57,62.21
2.596190989,2.596190989,0.163153541,0.163153541,11,11,0.83,0.83,0.56,0.56,60.88
2.495879945,2.495879945,0.211059847,0.211059847,11,11,0.83,0.83,0.57,0.57,68.36
1.878307806,1.878307806,0.292445033,0.292445033,11,11,0.83,0.83,0.63,0.63,56.09
0.035032451,0.035032451,0.719525328,0.719525328,11,11,0.83,0.83,0.74,0.74,0
0.209894334,0.209894334,0.608855964,0.608855964,11,11,0.83,0.83,0.75,0.75,8.95
0.436142396,0.436142396,0.518695356,0.518695356,11,11,0.83,0.83,0.73,0.73,18.38
0.837806751,0.837806751,0.331201426,0.331201426,11,11,0.83,0.83,0.33,0.33,63.14
2.099132906,2.099132906,0.218880677,0.218880677,11,11,0.83,0.83,0.5,0.5,76.08
1.421034963,1.421034963,0.307371381,0.307371381,11,11,0.83,0.83,0.47,0.47,66.33
1.961695795,1.961695795,0.161258187,0.161258187,11,11,0.83,0.83,0.49,0.49,58.1
0.473094772,0.473094772,0.444876505,0.444876505,11,11,0.83,0.83,0.47,0.47,26.08
2.045283916,2.045283916,0.206047501,0.206047501,11,11,0.83,0.83,0.39,0.39,88.99
1.712499571,1.712499571,0.282693063,0.282693063,11,11,0.83,0.83,0.61,0.61,54.24
0.19171654,0.19171654,0.669661076,0.669661076,11,11,0.83,0.83,0.73,0.73,9.86
0.175689688,0.175689688,0.608566826,0.608566826,11,11,0.83,0.83,0.75,0.75,7.51
0.598077635,0.598077635,0.442558088,0.442558088,11,11,0.83,0.83,0.73,0.73,24.17
1.373596394,1.373596394,0.215128759,0.215128759,11,11,0.83,0.83,0.66,0.66,37.2
2.638950034,2.638950034,0.136844703,0.136844703,11,11,0.83,0.83,0.57,0.57,61.09
2.794502917,2.794502917,0.148734335,0.148734335,11,11,0.83,0.83,0.55,0.55,69.82
1.600600736,1.600600736,0.186362132,0.186362132,11,11,0.83,0.83,0.58,0.58,39.94
2.942764266,2.942764266,0.189234451,0.189234451,11,11,0.83,0.83,0.58,0.58,77.98
2.362043257,2.362043257,0.239781173,0.239781173,11,11,0.83,0.83,0.63,0.63,66.1
1.780808899,1.780808899,0.344749038,0.344749038,11,11,0.83,0.83,0.66,0.66,59.42
0.855329083,0.855329083,0.401266874,0.401266874,11,11,0.83,0.83,0.75,0.75,35.46
1.500947702,1.500947702,0.278507984,0.278507984,11,11,0.83,0.83,0.68,0.68,53.16
1.984973764,1.984973764,0.19980197,0.19980197,11,11,0.83,0.83,0.6,0.6,62.91
2.266372248,2.266372248,0.157727952,0.157727952,11,11,0.83,0.83,0.55,0.55,65.22
2.465745241,2.465745241,0.148156141,0.148156141,11,11,0.83,0.83,0.54,0.54,67.45
3.399750847,3.399750847,0.169424386,0.169424386,11,11,0.83,0.83,0.52,0.52,107.02
1.982976501,1.982976501,0.155969695,0.155969695,11,11,0.83,0.83,0.55,0.55,53.61
2.475236724,2.475236724,0.20215035,0.20215035,11,11,0.83,0.83,0.54,0.54,80.88
1.441362606,1.441362606,0.325369587,0.325369587,11,11,0.83,0.83,0.57,0.57,59.35
0.835123031,0.835123031,0.506858427,0.506858427,11,11,0.83,0.83,0.63,0.63,40.03
0.279667956,0.279667956,0.481466535,0.481466535,11,11,0.83,0.83,0.7,0.7,12.5
0.231590109,0.231590109,0.52230501,0.52230501,11,11,0.83,0.83,0.7,0.7,10.43
0.570979367,0.570979367,0.448696507,0.448696507,11,11,0.83,0.83,0.58,0.58,31.55
0.555242163,0.555242163,0.413416983,0.413416983,11,11,0.83,0.83,0.48,0.48,35.35
1.048946077,1.048946077,0.237694617,0.237694617,11,11,0.83,0.83,0.66,0.66,33.27
2.194143732,2.194143732,0.145547388,0.145547388,11,11,0.83,0.83,0.58,0.58,58.47
2.844487784,2.844487784,0.168637548,0.168637548,11,11,0.83,0.83,0.4,0.4,122.68
1.943518402,1.943518402,0.206302126,0.206302126,11,11,0.83,0.83,0.49,0.49,74.89
0.835162053,0.835162053,0.424601774,0.424601774,11,11,0.83,0.83,0.62,0.62,38.67
0.350841888,0.350841888,0.536945569,0.536945569,11,11,0.83,0.83,0.71,0.71,14.65
0.845803593,0.845803593,0.461229951,0.461229951,11,11,0.83,0.83,0.72,0.72,40.04
1.369928609,1.369928609,0.351061607,0.351061607,11,11,0.83,0.83,0.72,0.72,53.06
1.606186044,1.606186044,0.283850227,0.283850227,11,11,0.83,0.83,0.61,0.61,63.12
1.961302968,1.961302968,0.218672839,0.218672839,11,11,0.83,0.83,0.57,0.57,67.58
1.892912205,1.892912205,0.208667427,0.208667427,11,11,0.83,0.83,0.57,0.57,62.71
2.484118264,2.484118264,0.172871186,0.172871186,11,11,0.83,0.83,0.58,0.58,70.19
1.224620331,1.224620331,0.315387401,0.315387401,11,11,0.83,0.83,0.58,0.58,49.69
2.031966995,2.031966995,0.269041792,0.269041792,11,11,0.83,0.83,0.68,0.68,63.72
2.100393515,2.100393515,0.303916116,0.303916116,11,11,0.83,0.83,0.63,0.63,77.73
1.226723177,1.226723177,0.474023419,0.474023419,11,11,0.83,0.83,0.66,0.66,56.67
0.518294889,0.518294889,0.464175042,0.464175042,11,11,0.83,0.83,0.77,0.77,22.94
1.419482144,1.419482144,0.300871038,0.300871038,11,11,0.83,0.83,0.71,0.71,51.8
1.962272338,1.962272338,0.210939577,0.210939577,11,11,0.83,0.83,0.61,0.61,64.96
2.113671605,2.113671605,0.174687162,0.174687162,11,11,0.83,0.83,0.56,0.56,64.34
3.215344688,3.215344688,0.139390135,0.139390135,11,11,0.83,0.83,0.59,0.59,79.79
3.580218111,3.580218111,0.147510112,0.147510112,11,11,0.83,0.83,0.56,0.56,96.48
2.511004623,2.511004623,0.137117981,0.137117981,11,11,0.83,0.83,0.58,0.58,59.33
2.420027747,2.420027747,0.184863317,0.184863317,11,11,0.83,0.83,0.56,0.56,71.11
2.283128535,2.283128535,0.239963476,0.239963476,11,11,0.83,0.83,0.6,0.6,73.67
1.282591273,1.282591273,0.335317126,0.335317126,11,11,0.83,0.83,0.65,0.65,46.39
0.90711386,0.90711386,0.393976683,0.393976683,11,11,0.83,0.83,0.76,0.76,38
1.541461948,1.541461948,0.278958138,0.278958138,11,11,0.83,0.83,0.7,0.7,53.6
2.043927233,2.043927233,0.197931642,0.197931642,11,11,0.83,0.83,0.62,0.62,62.51
2.496461388,2.496461388,0.153777496,0.153777496,11,11,0.83,0.83,0.55,0.55,70.52
3.306398697,3.306398697,0.16552657,0.16552657,11,11,0.83,0.83,0.55,0.55,98.41
2.815487069,2.815487069,0.164930097,0.164930097,11,11,0.83,0.83,0.58,0.58,77.36
3.153057064,3.153057064,0.142266453,0.142266453,11,11,0.83,0.83,0.59,0.59,74.63
2.345353085,2.345353085,0.179396193,0.179396193,11,11,0.83,0.83,0.57,0.57,65.56
2.369695674,2.369695674,0.227812228,0.227812228,11,11,0.83,0.83,0.58,0.58,75.82
1.774573995,1.774573995,0.290810464,0.290810464,11,11,0.83,0.83,0.66,0.66,57.29
0.676770012,0.676770012,0.413338441,0.413338441,11,11,0.83,0.83,0.75,0.75,31.35
1.536243049,1.536243049,0.30052824,0.30052824,11,11,0.83,0.83,0.7,0.7,58.79
1.817287092,1.817287092,0.209024554,0.209024554,11,11,0.83,0.83,0.6,0.6,60
2.459708419,2.459708419,0.16441385,0.16441385,11,11,0.83,0.83,0.55,0.55,71.36
1.988055468,1.988055468,0.137600798,0.137600798,11,11,0.83,0.83,0.44,0.44,60.93
2.365528334,2.365528334,0.135152224,0.135152224,11,11,0.83,0.83,0.52,0.52,57.72
2.066523487,2.066523487,0.15474471,0.15474471,11,11,0.83,0.83,0.54,0.54,51.21
-9999,-9999,0.192974244,0.192974244,11,11,0.83,0.83,1,1,128127.28
-9999,-9999,0.234799446,0.234799446,11,11,0.83,0.83,1,1,144870
0.210273535,0.210273535,0.311279657,0.311279657,11,11,0.83,0.83,1,1,-1.34
0.476785641,0.476785641,0.441047124,0.441047124,11,11,0.83,0.83,0.65,0.65,24.13
0.830416942,0.830416942,0.401304996,0.401304996,11,11,0.83,0.83,0.69,0.69,37.12
0.589447837,0.589447837,0.309657463,0.309657463,11,11,0.83,0.83,0.66,0.66,21.32
2.400076226,2.400076226,0.17491965,0.17491965,11,11,0.83,0.83,0.61,0.61,68.84
2.934496836,2.934496836,0.147482087,0.147482087,11,11,0.83,0.83,0.56,0.56,79.88
3.318602502,3.318602502,0.137013811,0.137013811,11,11,0.83,0.83,0.55,0.55,85.29
3.269092377,3.269092377,0.146226491,0.146226491,11,11,0.83,0.83,0.53,0.53,88.62
2.614244996,2.614244996,0.169569306,0.169569306,11,11,0.83,0.83,0.55,0.55,72.31
2.118328322,2.118328322,0.233509259,0.233509259,11,11,0.83,0.83,0.59,0.59,64.12
1.761115444,1.761115444,0.323858512,0.323858512,11,11,0.83,0.83,0.63,0.63,60.72
0.922212242,0.922212242,0.419071575,0.419071575,11,11,0.83,0.83,0.83,0.83,36.55
1.579675424,1.579675424,0.30608925,0.30608925,11,11,0.83,0.83,0.68,0.68,57.31
1.984505425,1.984505425,0.262303368,0.262303368,11,11,0.83,0.83,0.6,0.6,70.6
2.450355421,2.450355421,0.187587748,0.187587748,11,11,0.83,0.83,0.71,0.71,55.89
3.450181546,3.450181546,0.142117862,0.142117862,11,11,0.83,0.83,0.56,0.56,81.89
2.927809523,2.927809523,0.136157422,0.136157422,11,11,0.83,0.83,0.55,0.55,64.87
2.471161491,2.471161491,0.176120202,0.176120202,11,11,0.83,0.83,0.56,0.56,62.04
2.730927293,2.730927293,0.193856216,0.193856216,11,11,0.83,0.83,0.63,0.63,63.15
2.379572435,2.379572435,0.246478983,0.246478983,11,11,0.83,0.83,0.64,0.64,63.14
1.796410812,1.796410812,0.334648835,0.334648835,11,11,0.83,0.83,0.67,0.67,53.92
0.194502715,0.194502715,0.54366961,0.54366961,11,11,0.83,0.83,0.83,0.83,7.06
0.180676143,0.180676143,0.594227194,0.594227194,11,11,0.83,0.83,0.6,0.6,9.71
0.5809106,0.5809106,0.455049738,0.455049738,11,11,0.83,0.83,0.55,0.55,33.62
1.218666506,1.218666506,0.24568414,0.24568414,11,11,0.83,0.83,0.64,0.64,39.3
1.814331145,1.814331145,0.208350494,0.208350494,11,11,0.83,0.83,0.46,0.46,74.06
1.677670628,1.677670628,0.221390194,0.221390194,11,11,0.83,0.83,0.53,0.53,59.08
1.374303755,1.374303755,0.276767202,0.276767202,11,11,0.83,0.83,0.63,0.63,45.41
2.459764528,2.459764528,0.172133739,0.172133739,11,11,0.83,0.83,0.64,0.64,58.36
2.199742369,2.199742369,0.224951928,0.224951928,11,11,0.83,0.83,0.61,0.61,64
1.652297795,1.652297795,0.320096249,0.320096249,11,11,0.83,0.83,0.64,0.64,57.37
0.774934831,0.774934831,0.474068453,0.474068453,11,11,0.83,0.83,0.77,0.77,33.27
1.363393873,1.363393873,0.331799784,0.331799784,11,11,0.83,0.83,0.68,0.68,52.01
1.603494845,1.603494845,0.289982834,0.289982834,11,11,0.83,0.83,0.59,0.59,62.35
1.339027728,1.339027728,0.276925005,0.276925005,11,11,0.83,0.83,0.6,0.6,47.14
1.660133475,1.660133475,0.296585852,0.296585852,11,11,0.83,0.83,0.61,0.61,59.23
1.027536716,1.027536716,0.35152883,0.35152883,11,11,0.83,0.83,0.66,0.66,34.93
1.710808104,1.710808104,0.230730815,0.230730815,11,11,0.83,0.83,0.64,0.64,45.68
1.135004483,1.135004483,0.326081297,0.326081297,11,11,0.83,0.83,0.56,0.56,41.26
0.85066592,0.85066592,0.439917288,0.439917288,11,11,0.83,0.83,0.64,0.64,33.16
0.419222004,0.419222004,0.588161593,0.588161593,11,11,0.83,0.83,0.7,0.7,16.54
0.891664093,0.891664093,0.451175648,0.451175648,11,11,0.83,0.83,0.72,0.72,40.34
1.388649568,1.388649568,0.331295832,0.331295832,11,11,0.83,0.83,1.02,1.02,34.86
1.233642496,1.233642496,0.275167975,0.275167975,11,11,0.83,0.83,0.6,0.6,46.91
1.247785749,1.247785749,0.228831684,0.228831684,11,11,0.83,0.83,0.57,0.57,42.73
2.829373616,2.829373616,0.161534175,0.161534175,11,11,0.83,0.83,0.54,0.54,84.33
3.44476426,3.44476426,0.141108871,0.141108871,11,11,0.83,0.83,0.55,0.55,91.16
2.515627625,2.515627625,0.16084509,0.16084509,11,11,0.83,0.83,0.53,0.53,72.66
1.081456263,1.081456263,0.459961011,0.459961011,11,11,0.83,0.83,0.55,0.55,58.41
0.231424459,0.231424459,0.748957117,0.748957117,11,11,0.83,0.83,0.72,0.72,10.15
0.021664561,0.021664561,0.831853819,0.831853819,11,11,0.83,0.83,0.72,0.72,-2.22
0.150268634,0.150268634,0.629620167,0.629620167,11,11,0.83,0.83,0.81,0.81,5.55
0.805760083,0.805760083,0.369365522,0.369365522,11,11,0.83,0.83,0.7,0.7,32.22
1.444933293,1.444933293,0.263877961,0.263877961,11,11,0.83,0.83,0.6,0.6,54.7
2.563553,2.563553,0.203711897,0.203711897,11,11,0.83,0.83,0.55,0.55,87.04
2.68460758,2.68460758,0.174637383,0.174637383,11,11,0.83,0.83,0.53,0.53,81.79
3.073081756,3.073081756,0.208865756,0.208865756,11,11,0.83,0.83,0.55,0.55,101.39
2.506925462,2.506925462,0.185126936,0.185126936,11,11,0.83,0.83,0.55,0.55,73.64
2.529344386,2.529344386,0.188857305,0.188857305,11,11,0.83,0.83,0.57,0.57,72.28
2.241929889,2.241929889,0.253725184,0.253725184,11,11,0.83,0.83,0.57,0.57,76.72
1.716068892,1.716068892,0.353571853,0.353571853,11,11,0.83,0.83,0.62,0.62,66.62
0.353816595,0.353816595,0.517219179,0.517219179,11,11,0.83,0.83,0.75,0.75,17.05
0.689592681,0.689592681,0.38407265,0.38407265,11,11,0.83,0.83,0.68,0.68,29.92
0.901065956,0.901065956,0.270579709,0.270579709,11,11,0.83,0.83,0.59,0.59,33.94
3.057540827,3.057540827,0.176538985,0.176538985,11,11,0.83,0.83,0.54,0.54,95.97
3.226491784,3.226491784,0.145133169,0.145133169,11,11,0.83,0.83,0.53,0.53,86.26
3.441338281,3.441338281,0.136779717,0.136779717,11,11,0.83,0.83,0.52,0.52,87.95
1.690136248,1.690136248,0.185074182,0.185074182,11,11,0.83,0.83,0.52,0.52,48.86
2.615496842,2.615496842,0.177784426,0.177784426,11,11,0.83,0.83,0.55,0.55,72.31
2.393178029,2.393178029,0.259502602,0.259502602,11,11,0.83,0.83,0.56,0.56,84.67
1.632540977,1.632540977,0.3358591,0.3358591,11,11,0.83,0.83,0.62,0.62,58.77
0.789483876,0.789483876,0.441005227,0.441005227,11,11,0.83,0.83,0.75,0.75,36.39
1.390507974,1.390507974,0.310157964,0.310157964,11,11,0.83,0.83,0.64,0.64,56.15
1.920655859,1.920655859,0.223333625,0.223333625,11,11,0.83,0.83,0.55,0.55,68.59
2.100076499,2.100076499,0.172379205,0.172379205,11,11,0.83,0.83,0.52,0.52,62.76
2.615817645,2.615817645,0.142293486,0.142293486,11,11,0.83,0.83,0.51,0.51,68.5
2.762337338,2.762337338,0.136222112,0.136222112,11,11,0.83,0.83,0.51,0.51,68.27
2.648851067,2.648851067,0.145851901,0.145851901,11,11,0.83,0.83,0.51,0.51,67.07
2.224685172,2.224685172,0.169360017,0.169360017,11,11,0.83,0.83,0.53,0.53,56.4
2.063494876,2.063494876,0.236500832,0.236500832,11,11,0.83,0.83,0.57,0.57,61.7
1.646603615,1.646603615,0.330666967,0.330666967,11,11,0.83,0.83,0.62,0.62,54.75
0.61314767,0.61314767,0.486478023,0.486478023,11,11,0.83,0.83,0.77,0.77,27.08
1.28717988,1.28717988,0.343278382,0.343278382,11,11,0.83,0.83,0.65,0.65,52.19
1.608413076,1.608413076,0.244984937,0.244984937,11,11,0.83,0.83,0.57,0.57,56.47
1.966623311,1.966623311,0.195650857,0.195650857,11,11,0.83,0.83,0.54,0.54,60.9
2.076735674,2.076735674,0.153821329,0.153821329,11,11,0.83,0.83,0.52,0.52,53.82
2.951449394,2.951449394,0.147832774,0.147832774,11,11,0.83,0.83,0.52,0.52,75.26
2.802500992,2.802500992,0.163525956,0.163525956,11,11,0.83,0.83,0.52,0.52,71.94
2.33717215,2.33717215,0.188033799,0.188033799,11,11,0.83,0.83,0.54,0.54,61.21
2.012093658,2.012093658,0.254280179,0.254280179,11,11,0.83,0.83,0.56,0.56,60.3
1.504991592,1.504991592,0.36531746,0.36531746,11,11,0.83,0.83,0.62,0.62,51.55
0.441136144,0.441136144,0.511064971,0.511064971,11,11,0.83,0.83,0.75,0.75,20.62
0.816143379,0.816143379,0.387480966,0.387480966,11,11,0.83,0.83,0.66,0.66,35.42
1.139748256,1.139748256,0.283580697,0.283580697,11,11,0.83,0.83,0.58,0.58,41.8
1.50777823,1.50777823,0.222085341,0.222085341,11,11,0.83,0.83,0.54,0.54,46.9
1.744880396,1.744880396,0.184828197,0.184828197,11,11,0.83,0.83,0.54,0.54,46.11
1.956368775,1.956368775,0.178495203,0.178495203,11,11,0.83,0.83,0.53,0.53,49.45
1.648511476,1.648511476,0.196227898,0.196227898,11,11,0.83,0.83,0.53,0.53,42.06
1.569933688,1.569933688,0.237018152,0.237018152,11,11,0.83,0.83,0.55,0.55,43.35
1.307559238,1.307559238,0.317853863,0.317853863,11,11,0.83,0.83,0.59,0.59,40.69
1.005636314,1.005636314,0.413534824,0.413534824,11,11,0.83,0.83,0.64,0.64,33.15
0.598680122,0.598680122,0.465632515,0.465632515,11,11,0.83,0.83,0.75,0.75,25.33
1.188665178,1.188665178,0.330604147,0.330604147,11,11,0.83,0.83,0.63,0.63,47.02
1.700851497,1.700851497,0.240831309,0.240831309,11,11,0.83,0.83,0.54,0.54,58.86
1.999653764,1.999653764,0.191331347,0.191331347,11,11,0.83,0.83,0.51,0.51,59.14
1.995761023,1.995761023,0.162334128,0.162334128,11,11,0.83,0.83,0.5,0.5,51.02
2.779822605,2.779822605,0.152947042,0.152947042,11,11,0.83,0.83,0.51,0.51,69.22
2.592112052,2.592112052,0.167790592,0.167790592,11,11,0.83,0.83,0.51,0.51,66.07
2.344466458,2.344466458,0.197312098,0.197312098,11,11,0.83,0.83,0.54,0.54,62.33
1.904524855,1.904524855,0.268403576,0.268403576,11,11,0.83,0.83,0.54,0.54,60.63
1.315523374,1.315523374,0.375521876,0.375521876,11,11,0.83,0.83,0.61,0.61,45.63
0.5946162,0.5946162,0.48110076,0.48110076,11,11,0.83,0.83,0.75,0.75,24.21
1.157965224,1.157965224,0.335667715,0.335667715,11,11,0.83,0.83,0.63,0.63,43.31
1.624556595,1.624556595,0.239394239,0.239394239,11,11,0.83,0.83,0.54,0.54,54.43
2.090247744,2.090247744,0.183550848,0.183550848,11,11,0.83,0.83,0.51,0.51,63.1
2.426916424,2.426916424,0.151012366,0.151012366,11,11,0.83,0.83,0.49,0.49,65.59
2.809298404,2.809298404,0.149073836,0.149073836,11,11,0.83,0.83,0.48,0.48,75.21
2.40819813,2.40819813,0.202823619,0.202823619,11,11,0.83,0.83,0.48,0.48,78.01
2.233321494,2.233321494,0.204273897,0.204273897,11,11,0.83,0.83,0.52,0.52,66.14
1.006497128,1.006497128,0.397888465,0.397888465,11,11,0.83,0.83,0.55,0.55,41.27
0.416919813,0.416919813,0.553677135,0.553677135,11,11,0.83,0.83,0.65,0.65,15.26
0.096930225,0.096930225,0.672082921,0.672082921,11,11,0.83,0.83,0.69,0.69,3.62
0.273524316,0.273524316,0.587212478,0.587212478,11,11,0.83,0.83,0.75,0.75,12
0.417095077,0.417095077,0.544238042,0.544238042,11,11,0.83,0.83,0.69,0.69,19.74
0.454348238,0.454348238,0.497319028,0.497319028,11,11,0.83,0.83,0.68,0.68,19.59
0.387143562,0.387143562,0.524692159,0.524692159,11,11,0.83,0.83,0.67,0.67,17.36
0.441770706,0.441770706,0.46931854,0.46931854,11,11,0.83,0.83,0.69,0.69,17.99
0.794647547,0.794647547,0.318125745,0.318125745,11,11,0.83,0.83,0.66,0.66,27.02
0.839814792,0.839814792,0.38681894,0.38681894,11,11,0.83,0.83,0.62,0.62,35.36
0.480111599,0.480111599,0.41102816,0.41102816,11,11,0.83,0.83,0.68,0.68,17.25
0.70753475,0.70753475,0.4635581,0.4635581,11,11,0.83,0.83,0.65,0.65,31.2
0.186491361,0.186491361,0.608913808,0.608913808,11,11,0.83,0.83,0.7,0.7,8.35
0.113438064,0.113438064,0.665728365,0.665728365,11,11,0.83,0.83,0.69,0.69,4.6
0.20789969,0.20789969,0.605970756,0.605970756,11,11,0.83,0.83,0.6,0.6,11.53
0.594734037,0.594734037,0.422790476,0.422790476,11,11,0.83,0.83,0.5,0.5,34.33
0.312977255,0.312977255,0.491728496,0.491728496,11,11,0.83,0.83,0.4,0.4,23.66
0.715119541,0.715119541,0.368314329,0.368314329,11,11,0.83,0.83,0.63,0.63,28.79
1.688811823,1.688811823,0.245078049,0.245078049,11,11,0.83,0.83,0.6,0.6,56.3
1.533444637,1.533444637,0.29205634,0.29205634,11,11,0.83,0.83,0.56,0.56,61.44
1.242724481,1.242724481,0.292583977,0.292583977,11,11,0.83,0.83,0.61,0.61,43.8
1.439972352,1.439972352,0.375735984,0.375735984,11,11,0.83,0.83,0.58,0.58,62.88
0.224224668,0.224224668,0.539861015,0.539861015,11,11,0.83,0.83,0.74,0.74,9.39
0.998323925,0.998323925,0.344356249,0.344356249,11,11,0.83,0.83,0.6,0.6,43.47
1.558138439,1.558138439,0.238101422,0.238101422,11,11,0.83,0.83,0.4,0.4,77.83
2.208944066,2.208944066,0.192041545,0.192041545,11,11,0.83,0.83,0.49,0.49,76.34
2.35881974,2.35881974,0.154994825,0.154994825,11,11,0.83,0.83,0.48,0.48,72.69
2.384694083,2.384694083,0.147314054,0.147314054,11,11,0.83,0.83,0.49,0.49,67.45
2.441710081,2.441710081,0.144788887,0.144788887,11,11,0.83,0.83,0.49,0.49,66.75
2.131695915,2.131695915,0.20852871,0.20852871,11,11,0.83,0.83,0.5,0.5,72.01
1.419593759,1.419593759,0.321987179,0.321987179,11,11,0.83,0.83,0.58,0.58,51.97
0.60983591,0.60983591,0.538887445,0.538887445,11,11,0.83,0.83,0.64,0.64,27.18
0.700232128,0.700232128,0.465765239,0.465765239,11,11,0.83,0.83,0.7,0.7,32.11
1.21298767,1.21298767,0.335094214,0.335094214,11,11,0.83,0.83,0.62,0.62,47.93
1.764843524,1.764843524,0.24028284,0.24028284,11,11,0.83,0.83,0.53,0.53,65.56
2.160834209,2.160834209,0.190171582,0.190171582,11,11,0.83,0.83,0.49,0.49,72.26
2.342642656,2.342642656,0.154641839,0.154641839,11,11,0.83,0.83,0.48,0.48,66.8
2.711788909,2.711788909,0.1891985,0.1891985,11,11,0.83,0.83,0.49,0.49,86.81
1.891754048,1.891754048,0.195205281,0.195205281,11,11,0.83,0.83,0.51,0.51,55.77
2.543366902,2.543366902,0.251350085,0.251350085,11,11,0.83,0.83,0.54,0.54,85.61
1.203402576,1.203402576,0.320583165,0.320583165,11,11,0.83,0.83,0.58,0.58,40.74
0.941923949,0.941923949,0.419270681,0.419270681,11,11,0.83,0.83,0.62,0.62,34.88
0.515711431,0.515711431,0.485646857,0.485646857,11,11,0.83,0.83,0.74,0.74,22.87
0.993751641,0.993751641,0.352364703,0.352364703,11,11,0.83,0.83,0.62,0.62,40.53
1.43007837,1.43007837,0.249375983,0.249375983,11,11,0.83,0.83,0.53,0.53,52.89
1.696785378,1.696785378,0.227790587,0.227790587,11,11,0.83,0.83,0.49,0.49,59.71
1.569056058,1.569056058,0.223333625,0.223333625,11,11,0.83,0.83,0.52,0.52,49.85
1.663882311,1.663882311,0.197387091,0.197387091,11,11,0.83,0.83,0.57,0.57,43.15
1.757657547,1.757657547,0.169440482,0.169440482,11,11,0.83,0.83,0.51,0.51,44.86
1.911902747,1.911902747,0.173167049,0.173167049,11,11,0.83,0.83,0.54,0.54,47.01
1.64792839,1.64792839,0.259256191,0.259256191,11,11,0.83,0.83,0.56,0.56,50.48
1.089031129,1.089031129,0.36483191,0.36483191,11,11,0.83,0.83,0.64,0.64,34.85
0.101462688,0.101462688,0.614901276,0.614901276,11,11,0.83,0.83,0.8,0.8,2.44
0.295798541,0.295798541,0.538478046,0.538478046,11,11,0.83,0.83,0.64,0.64,13.63
0.316587078,0.316587078,0.618239998,0.618239998,11,11,0.83,0.83,0.63,0.63,16.68
0.101813272,0.101813272,0.726117413,0.726117413,11,11,0.83,0.83,0.68,0.68,3.85
0.242197496,0.242197496,0.619827819,0.619827819,11,11,0.83,0.83,0.73,0.73,10.59
0.259277341,0.259277341,0.649733142,0.649733142,11,11,0.83,0.83,0.71,0.71,12.56
0.18996704,0.18996704,0.621006611,0.621006611,11,11,0.83,0.83,0.72,0.72,8.16
0.160434221,0.160434221,0.651835173,0.651835173,11,11,0.83,0.83,0.7,0.7,7.19
0.140491234,0.140491234,0.622424121,0.622424121,11,11,0.83,0.83,0.66,0.66,6.28
0.235906633,0.235906633,0.613034814,0.613034814,11,11,0.83,0.83,0.66,0.66,11.83
0.016724032,0.016724032,0.804114545,0.804114545,11,11,0.83,0.83,0.64,0.64,-0.76
0.043606959,0.043606959,0.776119674,0.776119674,11,11,0.83,0.83,0.56,0.56,1.69
0.056445986,0.056445986,0.746187365,0.746187365,11,11,0.83,0.83,0.56,0.56,2.57
0.147362824,0.147362824,0.671508536,0.671508536,11,11,0.83,0.83,0.57,0.57,8.64
0.341553399,0.341553399,0.598760525,0.598760525,11,11,0.83,0.83,0.56,0.56,21.09
0.339251708,0.339251708,0.629201609,0.629201609,11,11,0.83,0.83,0.54,0.54,22.17
0.724960186,0.724960186,0.33280999,0.33280999,11,11,0.83,0.83,0.55,0.55,31.25
1.019390312,1.019390312,0.450533181,0.450533181,11,11,0.83,0.83,0.45,0.45,65.43
0.374679117,0.374679117,0.615076548,0.615076548,11,11,0.83,0.83,0.63,0.63,19.35
0.410973173,0.410973173,0.652888737,0.652888737,11,11,0.83,0.83,0.66,0.66,21.39
0.370349636,0.370349636,0.577311353,0.577311353,11,11,0.83,0.83,0.65,0.65,20.2
0.908005275,0.908005275,0.405366553,0.405366553,11,11,0.83,0.83,0.63,0.63,40.89
1.215445887,1.215445887,0.314191203,0.314191203,11,11,0.83,0.83,0.55,0.55,52.06
1.307692342,1.307692342,0.281781438,0.281781438,11,11,0.83,0.83,0.52,0.52,53.41
1.32920647,1.32920647,0.265512449,0.265512449,11,11,0.83,0.83,0.53,0.53,50.87
0.73734186,0.73734186,0.421707408,0.421707408,11,11,0.83,0.83,0.54,0.54,36.24
0.84690293,0.84690293,0.472405028,0.472405028,11,11,0.83,0.83,0.61,0.61,40.5
0.917822847,0.917822847,0.34386589,0.34386589,11,11,0.83,0.83,0.62,0.62,34.31
1.316930061,1.316930061,0.294732076,0.294732076,11,11,0.83,0.83,0.58,0.58,47.56
1.137710831,1.137710831,0.434889392,0.434889392,11,11,0.83,0.83,0.6,0.6,51.5
0.228605887,0.228605887,0.574848615,0.574848615,11,11,0.83,0.83,0.69,0.69,11.44
0.704554413,0.704554413,0.415188124,0.415188124,11,11,0.83,0.83,0.65,0.65,30.93
1.029454454,1.029454454,0.282076053,0.282076053,11,11,0.83,0.83,0.58,0.58,38.13
1.376264112,1.376264112,0.223439733,0.223439733,11,11,0.83,0.83,0.52,0.52,47.49
1.518667352,1.518667352,0.193157656,0.193157656,11,11,0.83,0.83,0.49,0.49,49.61
1.772563164,1.772563164,0.167726844,0.167726844,11,11,0.83,0.83,0.49,0.49,52.53
1.700988006,1.700988006,0.197218397,0.197218397,11,11,0.83,0.83,0.5,0.5,55.03
1.453288637,1.453288637,0.229201545,0.229201545,11,11,0.83,0.83,0.52,0.52,48.46
1.385984667,1.385984667,0.298451287,0.298451287,11,11,0.83,0.83,0.53,0.53,53.72
0.975875021,0.975875021,0.408924985,0.408924985,11,11,0.83,0.83,0.59,0.59,41.17
0.106072156,0.106072156,0.643467633,0.643467633,11,11,0.83,0.83,0.75,0.75,3.89
0.177742008,0.177742008,0.651154361,0.651154361,11,11,0.83,0.83,0.63,0.63,9.49
0.405252133,0.405252133,0.53288025,0.53288025,11,11,0.83,0.83,0.69,0.69,17.99
0.424509658,0.424509658,0.559652876,0.559652876,11,11,0.83,0.83,0.63,0.63,21.47
0.367268993,0.367268993,0.58088728,0.58088728,11,11,0.83,0.83,0.65,0.65,18.18
0.296235261,0.296235261,0.599557407,0.599557407,11,11,0.83,0.83,0.65,0.65,14.54
0.475678272,0.475678272,0.498170171,0.498170171,11,11,0.83,0.83,0.65,0.65,21.06
0.445335284,0.445335284,0.457824868,0.457824868,11,11,0.83,0.83,0.62,0.62,18.72
0.408783531,0.408783531,0.57950931,0.57950931,11,11,0.83,0.83,0.61,0.61,20.37
0.117612235,0.117612235,0.667882145,0.667882145,11,11,0.83,0.83,0.66,0.66,4.04
0.03313601,0.03313601,0.780482039,0.780482039,11,11,0.83,0.83,0.66,0.66,-0.34
0.474293652,0.474293652,0.537353803,0.537353803,11,11,0.83,0.83,0.57,0.57,25.02
0.441974902,0.441974902,0.57747591,0.57747591,11,11,0.83,0.83,0.5,0.5,27.63
0.945810645,0.945810645,0.33768271,0.33768271,11,11,0.83,0.83,0.49,0.49,42.25
2.078301236,2.078301236,0.235514322,0.235514322,11,11,0.83,0.83,0.45,0.45,80.8
1.71330771,1.71330771,0.193102614,0.193102614,11,11,0.83,0.83,0.49,0.49,50.6
1.304600581,1.304600581,0.200886833,0.200886833,11,11,0.83,0.83,0.5,0.5,35.03
1.83432238,1.83432238,0.22878821,0.22878821,11,11,0.83,0.83,0.53,0.53,52.19
1.353561853,1.353561853,0.313267271,0.313267271,11,11,0.83,0.83,0.56,0.56,43.35
0.917954481,0.917954481,0.438123891,0.438123891,11,11,0.83,0.83,0.62,0.62,31.26
0.470974212,0.470974212,0.529348353,0.529348353,11,11,0.83,0.83,0.83,0.83,20.74
0.897565031,0.897565031,0.381708309,0.381708309,11,11,0.83,0.83,0.54,0.54,45.44
1.214564805,1.214564805,0.279727727,0.279727727,11,11,0.83,0.83,0.49,0.49,51.04
1.485900429,1.485900429,0.217244126,0.217244126,11,11,0.83,0.83,0.49,0.49,47.54
1.591726081,1.591726081,0.180096304,0.180096304,11,11,0.83,0.83,0.49,0.49,43.2
2.250220944,2.250220944,0.175119172,0.175119172,11,11,0.83,0.83,0.5,0.5,57.1
2.013308758,2.013308758,0.184863317,0.184863317,11,11,0.83,0.83,0.52,0.52,48.59
1.82187843,1.82187843,0.215496944,0.215496944,11,11,0.83,0.83,0.55,0.55,45.1
1.416320642,1.416320642,0.298337897,0.298337897,11,11,0.83,0.83,0.58,0.58,39.78
0.944397796,0.944397796,0.413299176,0.413299176,11,11,0.83,0.83,0.64,0.64,28.23
0.059189076,0.059189076,0.709210038,0.709210038,11,11,0.83,0.83,0.8,0.8,-0.56
0.152826842,0.152826842,0.709075301,0.709075301,11,11,0.83,0.83,0.63,0.63,6.13
0.175637235,0.175637235,0.627589774,0.627589774,11,11,0.83,0.83,0.65,0.65,6.51
1.161524389,1.161524389,0.433692921,0.433692921,11,11,0.83,0.83,0.56,0.56,51.77
0.662584496,0.662584496,0.259946731,0.259946731,11,11,0.83,0.83,0.45,0.45,23.13
1.288677001,1.288677001,0.174936269,0.174936269,11,11,0.83,0.83,0.52,0.52,29.71
1.702064051,1.702064051,0.289075161,0.289075161,11,11,0.83,0.83,0.52,0.52,58.74
0.318043845,0.318043845,0.536792561,0.536792561,11,11,0.83,0.83,0.62,0.62,11.42
0.412310582,0.412310582,0.448653883,0.448653883,11,11,0.83,0.83,0.65,0.65,12.45
0.921052472,0.921052472,0.480050702,0.480050702,11,11,0.83,0.83,0.64,0.64,34.61
0.555366621,0.555366621,0.515355383,0.515355383,11,11,0.83,0.83,0.71,0.71,20.48
1.126452596,1.126452596,0.359021303,0.359021303,11,11,0.83,0.83,0.61,0.61,39.57
1.847887286,1.847887286,0.255418079,0.255418079,11,11,0.83,0.83,0.51,0.51,61.52
2.238231388,2.238231388,0.194557301,0.194557301,11,11,0.83,0.83,0.5,0.5,61.62
2.776219191,2.776219191,0.160478781,0.160478781,11,11,0.83,0.83,0.5,0.5,66.01
3.003505484,3.003505484,0.172871186,0.172871186,11,11,0.83,0.83,0.53,0.53,68.98
1.565619896,1.565619896,0.23328753,0.23328753,11,11,0.83,0.83,0.54,0.54,39.61
0.789770003,0.789770003,0.26697946,0.26697946,11,11,0.83,0.83,0.55,0.55,18.59
2.106598252,2.106598252,0.27529871,0.27529871,11,11,0.83,0.83,0.59,0.59,55.73
1.369769885,1.369769885,0.375414867,0.375414867,11,11,0.83,0.83,0.65,0.65,37.9
0.038884674,0.038884674,0.739694104,0.739694104,11,11,0.83,0.83,0.84,0.84,-0.66
0.593839972,0.593839972,0.514230561,0.514230561,11,11,0.83,0.83,0.64,0.64,26.46
0.123791431,0.123791431,0.615895144,0.615895144,11,11,0.83,0.83,0.63,0.63,4.31
0.518556299,0.518556299,0.585875159,0.585875159,11,11,0.83,0.83,0.62,0.62,25.51
0.287597536,0.287597536,0.641880229,0.641880229,11,11,0.83,0.83,0.64,0.64,14.33
0.580422851,0.580422851,0.52081856,0.52081856,11,11,0.83,0.83,0.64,0.64,27.28
0.373905281,0.373905281,0.631357162,0.631357162,11,11,0.83,0.83,0.56,0.56,22.19
0.245239566,0.245239566,0.643589904,0.643589904,11,11,0.83,0.83,0.4,0.4,20.61
0.715720903,0.715720903,0.560717228,0.560717228,11,11,0.83,0.83,0.65,0.65,35.38
0.098736408,0.098736408,0.694277494,0.694277494,11,11,0.83,0.83,0.63,0.63,4.42
0.599017674,0.599017674,0.507725896,0.507725896,11,11,0.83,0.83,0.64,0.64,30.13
1.174796592,1.174796592,0.358884901,0.358884901,11,11,0.83,0.83,0.62,0.62,47.37
1.557406644,1.557406644,0.26367749,0.26367749,11,11,0.83,0.83,0.52,0.52,59.73
1.76340614,1.76340614,0.202785086,0.202785086,11,11,0.83,0.83,0.48,0.48,60.44
2.099765588,2.099765588,0.16788626,0.16788626,11,11,0.83,0.83,0.47,0.47,63.64
1.823964372,1.823964372,0.162828374,0.162828374,11,11,0.83,0.83,0.48,0.48,51.54
1.604545172,1.604545172,0.171480872,0.171480872,11,11,0.83,0.83,0.5,0.5,44.26
1.826010297,1.826010297,0.200829588,0.200829588,11,11,0.83,0.83,0.54,0.54,51.44
1.504054077,1.504054077,0.286668566,0.286668566,11,11,0.83,0.83,0.54,0.54,52.27
1.093040825,1.093040825,0.408032459,0.408032459,11,11,0.83,0.83,0.59,0.59,43.54
0.175196557,0.175196557,0.627053415,0.627053415,11,11,0.83,0.83,0.83,0.83,6.56
0.211377755,0.211377755,0.61175491,0.61175491,11,11,0.83,0.83,0.61,0.61,10.73
0.452989616,0.452989616,0.497082858,0.497082858,11,11,0.83,0.83,0.62,0.62,20.73
0.569707165,0.569707165,0.494022829,0.494022829,11,11,0.83,0.83,0.6,0.6,26.83
0.776806366,0.776806366,0.468116281,0.468116281,11,11,0.83,0.83,0.6,0.6,35.05
0.689197427,0.689197427,0.424400136,0.424400136,11,11,0.83,0.83,0.62,0.62,27.63
0.528289089,0.528289089,0.474293689,0.474293689,11,11,0.83,0.83,0.6,0.6,22.03
0.337788458,0.337788458,0.467227704,0.467227704,11,11,0.83,0.83,0.61,0.61,11.63
1.072402859,1.072402859,0.310393773,0.310393773,11,11,0.83,0.83,0.59,0.59,32.43
0.729441597,0.729441597,0.459087915,0.459087915,11,11,0.83,0.83,0.65,0.65,24.5
0.206182271,0.206182271,0.650906969,0.650906969,11,11,0.83,0.83,0.7,0.7,8.37
0.83901499,0.83901499,0.471553106,0.471553106,11,11,0.83,0.83,0.64,0.64,35.47
0.458109261,0.458109261,0.563547558,0.563547558,11,11,0.83,0.83,0.6,0.6,21.71
0.568822176,0.568822176,0.524692159,0.524692159,11,11,0.83,0.83,0.62,0.62,24.29
0.088772943,0.088772943,0.759922708,0.759922708,11,11,0.83,0.83,0.61,0.61,2.59
0.043283559,0.043283559,0.7084693,0.7084693,11,11,0.83,0.83,0.66,0.66,-0.33
0.848623024,0.848623024,0.231631264,0.231631264,11,11,0.83,0.83,0.64,0.64,19.47
1.572805904,1.572805904,0.249257557,0.249257557,11,11,0.83,0.83,0.54,0.54,48.08
1.466629334,1.466629334,0.285337225,0.285337225,11,11,0.83,0.83,0.57,0.57,44.49
1.337840771,1.337840771,0.387738727,0.387738727,11,11,0.83,0.83,0.61,0.61,45.81
0.059916658,0.059916658,0.670106549,0.670106549,11,11,0.83,0.83,0.82,0.82,0.22
0.202336132,0.202336132,0.509949513,0.509949513,11,11,0.83,0.83,0.62,0.62,6.41
1.486639516,1.486639516,0.284309015,0.284309015,11,11,0.83,0.83,0.57,0.57,44.58
1.596538607,1.596538607,0.248642651,0.248642651,11,11,0.83,0.83,0.51,0.51,47.56
1.894963971,1.894963971,0.264229152,0.264229152,11,11,0.83,0.83,0.52,0.52,57.87
0.571682771,0.571682771,0.405058592,0.405058592,11,11,0.83,0.83,0.55,0.55,18.38
0.199687489,0.199687489,0.624141264,0.624141264,11,11,0.83,0.83,0.57,0.57,5.97
0.235797024,0.235797024,0.478139116,0.478139116,11,11,0.83,0.83,0.65,0.65,4.67
0.986549866,0.986549866,0.350162288,0.350162288,11,11,0.83,0.83,0.6,0.6,27.91
0.372196203,0.372196203,0.517219179,0.517219179,11,11,0.83,0.83,0.63,0.63,10.28
0.096833432,0.096833432,0.608855964,0.608855964,11,11,0.83,0.83,0.71,0.71,2.41
0.377860718,0.377860718,0.386084682,0.386084682,11,11,0.83,0.83,0.59,0.59,13.35
0.61384178,0.61384178,0.512572276,0.512572276,11,11,0.83,0.83,0.49,0.49,33.87
0.204013641,0.204013641,0.587938134,0.587938134,11,11,0.83,0.83,0.6,0.6,8.11
0.241787479,0.241787479,0.542379927,0.542379927,11,11,0.83,0.83,0.61,0.61,8.79
0.566414845,0.566414845,0.452076642,0.452076642,11,11,0.83,0.83,0.63,0.63,20.38
0.41084462,0.41084462,0.453280767,0.453280767,11,11,0.83,0.83,0.59,0.59,14.73
0.76828475,0.76828475,0.405289541,0.405289541,11,11,0.83,0.83,0.59,0.59,27.4
0.719569259,0.719569259,0.446782423,0.446782423,11,11,0.83,0.83,0.61,0.61,25.88
0.347100504,0.347100504,0.549067688,0.549067688,11,11,0.83,0.83,0.63,0.63,12.41
0.088519301,0.088519301,0.710761356,0.710761356,11,11,0.83,0.83,0.71,0.71,2.51
0.155795586,0.155795586,0.639506463,0.639506463,11,11,0.83,0.83,0.67,0.67,5.78
0.276973064,0.276973064,0.580445973,0.580445973,11,11,0.83,0.83,0.63,0.63,11.67
0.559546741,0.559546741,0.446442998,0.446442998,11,11,0.83,0.83,0.57,0.57,23.09
0.976918336,0.976918336,0.27295494,0.27295494,11,11,0.83,0.83,0.54,0.54,31.01
1.975410915,1.975410915,0.18160822,0.18160822,11,11,0.83,0.83,0.55,0.55,48.23
1.812577422,1.812577422,0.244078947,0.244078947,11,11,0.83,0.83,0.54,0.54,52.78
0.896840334,0.896840334,0.36834932,0.36834932,11,11,0.83,0.83,0.57,0.57,31.02
0.866162558,0.866162558,0.384912766,0.384912766,11,11,0.83,0.83,0.62,0.62,27.54
0.550628164,0.550628164,0.514474879,0.514474879,11,11,0.83,0.83,0.62,0.62,20.19
0.032384232,0.032384232,0.665222604,0.665222604,11,11,0.83,0.83,0.68,0.68,-0.65
0.109701199,0.109701199,0.722951203,0.722951203,11,11,0.83,0.83,0.62,0.62,4.04
0.122000297,0.122000297,0.697450628,0.697450628,11,11,0.83,0.83,0.65,0.65,4.13
0.253090244,0.253090244,0.631177251,0.631177251,11,11,0.83,0.83,0.66,0.66,9.83
0.158416372,0.158416372,0.659809877,0.659809877,11,11,0.83,0.83,0.62,0.62,5.82
0.074471151,0.074471151,0.711639688,0.711639688,11,11,0.83,0.83,0.62,0.62,1.67
0.126135882,0.126135882,0.682052564,0.682052564,11,11,0.83,0.83,0.63,0.63,4.24
0.291892175,0.291892175,0.573811949,0.573811949,11,11,0.83,0.83,0.58,0.58,12.33
0.552208782,0.552208782,0.469943149,0.469943149,11,11,0.83,0.83,0.62,0.62,20.49
0.867886825,0.867886825,0.517170045,0.517170045,11,11,0.83,0.83,0.54,0.54,41.04
0.063323151,0.063323151,0.739764378,0.739764378,11,11,0.83,0.83,0.7,0.7,1.54
0.323207418,0.323207418,0.591917181,0.591917181,11,11,0.83,0.83,0.63,0.63,14.27
0.401321168,0.401321168,0.60172572,0.60172572,11,11,0.83,0.83,0.6,0.6,19.21
0.277346422,0.277346422,0.498691031,0.498691031,11,11,0.83,0.83,0.57,0.57,11.22
0.896129583,0.896129583,0.43829041,0.43829041,11,11,0.83,0.83,0.59,0.59,35.6
0.681606155,0.681606155,0.402718065,0.402718065,11,11,0.83,0.83,0.6,0.6,23.63
1.130658776,1.130658776,0.323735469,0.323735469,11,11,0.83,0.83,0.58,0.58,35.42
1.291070198,1.291070198,0.328038745,0.328038745,11,11,0.83,0.83,0.57,0.57,41.88
0.728974175,0.728974175,0.493085076,0.493085076,11,11,0.83,0.83,0.58,0.58,29.41
0.274298068,0.274298068,0.626577035,0.626577035,11,11,0.83,0.83,0.62,0.62,10.87
0.55518651,0.55518651,0.553729737,0.553729737,11,11,0.83,0.83,0.63,0.63,25.35
0.781733489,0.781733489,0.384218625,0.384218625,11,11,0.83,0.83,0.62,0.62,28.3
1.167386572,1.167386572,0.316227448,0.316227448,11,11,0.83,0.83,0.55,0.55,41.68
1.371629392,1.371629392,0.227660783,0.227660783,11,11,0.83,0.83,0.54,0.54,38.69
1.790466699,1.790466699,0.207166274,0.207166274,11,11,0.83,0.83,0.52,0.52,48.6
1.892000211,1.892000211,0.261979623,0.261979623,11,11,0.83,0.83,0.53,0.53,57.99
2.514414523,2.514414523,0.227704043,0.227704043,11,11,0.83,0.83,0.57,0.57,64.48
1.714490726,1.714490726,0.246432156,0.246432156,11,11,0.83,0.83,0.52,0.52,49.14
0.851082519,0.851082519,0.365039924,0.365039924,11,11,0.83,0.83,0.57,0.57,27.83
0.470980437,0.470980437,0.44041908,0.44041908,11,11,0.83,0.83,0.63,0.63,14.52
0.069064956,0.069064956,0.739413074,0.739413074,11,11,0.83,0.83,0.77,0.77,1.68
0.098533877,0.098533877,0.701104345,0.701104345,11,11,0.83,0.83,0.64,0.64,3.68
0.172665584,0.172665584,0.665728365,0.665728365,11,11,0.83,0.83,0.65,0.65,7.08
0.150032598,0.150032598,0.639567219,0.639567219,11,11,0.83,0.83,0.64,0.64,5.86
0.666360937,0.666360937,0.521809056,0.521809056,11,11,0.83,0.83,0.64,0.64,26.9
0.218764359,0.218764359,0.637868231,0.637868231,11,11,0.83,0.83,0.63,0.63,9.3
0.283687048,0.283687048,0.631897203,0.631897203,11,11,0.83,0.83,0.64,0.64,12.29
0.299774526,0.299774526,0.525390464,0.525390464,11,11,0.83,0.83,0.64,0.64,11.46
0.520396096,0.520396096,0.557159597,0.557159597,11,11,0.83,0.83,0.62,0.62,21.99
0.312785857,0.312785857,0.601268583,0.601268583,11,11,0.83,0.83,0.65,0.65,12.55
0.32275292,0.32275292,0.614667658,0.614667658,11,11,0.83,0.83,0.65,0.65,14.19
0.555694809,0.555694809,0.565639375,0.565639375,11,11,0.83,0.83,0.63,0.63,24.42
0.426629261,0.426629261,0.491681784,0.491681784,11,11,0.83,0.83,0.63,0.63,16.4
0.649388766,0.649388766,0.449421737,0.449421737,11,11,0.83,0.83,0.6,0.6,24.85
0.67027569,0.67027569,0.413574111,0.413574111,11,11,0.83,0.83,0.61,0.61,23.32
0.783971742,0.783971742,0.301873099,0.301873099,11,11,0.83,0.83,0.6,0.6,21.79
0.842479889,0.842479889,0.330227473,0.330227473,11,11,0.83,0.83,0.57,0.57,26.05
2.664642616,2.664642616,0.209103998,0.209103998,11,11,0.83,0.83,0.59,0.59,60.41
1.084688712,1.084688712,0.305711464,0.305711464,11,11,0.83,0.83,0.59,0.59,29.67
1.193321161,1.193321161,0.389547858,0.389547858,11,11,0.83,0.83,0.65,0.65,34.79
0.316846497,0.316846497,0.537200678,0.537200678,11,11,0.83,0.83,0.9,0.9,9.03
0.90284557,0.90284557,0.361416751,0.361416751,11,11,0.83,0.83,0.62,0.62,29.96
1.394137096,1.394137096,0.263527237,0.263527237,11,11,0.83,0.83,0.53,0.53,43.06
1.617061565,1.617061565,0.172986184,0.172986184,11,11,0.83,0.83,0.52,0.52,37.51
1.76818071,1.76818071,0.171155368,0.171155368,11,11,0.83,0.83,0.52,0.52,40.02
2.001891031,2.001891031,0.152540743,0.152540743,11,11,0.83,0.83,0.53,0.53,40.83
1.963077762,1.963077762,0.158840686,0.158840686,11,11,0.83,0.83,0.53,0.53,40.15
1.943274657,1.943274657,0.195650857,0.195650857,11,11,0.83,0.83,0.54,0.54,44.34
1.443156525,1.443156525,0.277082897,0.277082897,11,11,0.83,0.83,0.57,0.57,37.5
0.99017879,0.99017879,0.400771616,0.400771616,11,11,0.83,0.83,0.65,0.65,28.07
0.361438003,0.361438003,0.523049825,0.523049825,11,11,0.83,0.83,0.96,0.96,9.02
0.856450524,0.856450524,0.370138303,0.370138303,11,11,0.83,0.83,0.63,0.63,26.48
1.331263138,1.331263138,0.263277005,0.263277005,11,11,0.83,0.83,0.55,0.55,37.01
1.635661399,1.635661399,0.198477695,0.198477695,11,11,0.83,0.83,0.53,0.53,37.96
2.090362125,2.090362125,0.165369395,0.165369395,11,11,0.83,0.83,0.52,0.52,42.3
1.797211708,1.797211708,0.162812906,0.162812906,11,11,0.83,0.83,0.54,0.54,33.9
1.686720695,1.686720695,0.169231352,0.169231352,11,11,0.83,0.83,0.55,0.55,30.56
1.856806009,1.856806009,0.199214419,0.199214419,11,11,0.83,0.83,0.57,0.57,36.29
1.460159128,1.460159128,0.285174629,0.285174629,11,11,0.83,0.83,0.61,0.61,33.19
0.964947702,0.964947702,0.408497881,0.408497881,11,11,0.83,0.83,0.69,0.69,23.64
0.327172822,0.327172822,0.537966735,0.537966735,11,11,0.83,0.83,1.01,1.01,7.22
0.87913377,0.87913377,0.376951574,0.376951574,11,11,0.83,0.83,0.65,0.65,25.97
1.26527394,1.26527394,0.272618049,0.272618049,11,11,0.83,0.83,0.57,0.57,33.16
1.645814953,1.645814953,0.205656382,0.205656382,11,11,0.83,0.83,0.55,0.55,35.83
1.776183149,1.776183149,0.169859517,0.169859517,11,11,0.83,0.83,0.55,0.55,32.85
2.127935961,2.127935961,0.165337978,0.165337978,11,11,0.83,0.83,0.56,0.56,36.59
1.976702488,1.976702488,0.174421839,0.174421839,11,11,0.83,0.83,0.58,0.58,33.04
2.013888338,2.013888338,0.208014279,0.208014279,11,11,0.83,0.83,0.59,0.59,36.48
1.567377571,1.567377571,0.292750798,0.292750798,11,11,0.83,0.83,0.63,0.63,33.02
1.037299553,1.037299553,0.417046083,0.417046083,11,11,0.83,0.83,0.73,0.73,23.05
0.319081835,0.319081835,0.535773624,0.535773624,11,11,0.83,0.83,1.08,1.08,6.06
0.848394241,0.848394241,0.371724031,0.371724031,11,11,0.83,0.83,0.66,0.66,22.71
1.30671078,1.30671078,0.264781969,0.264781969,11,11,0.83,0.83,0.56,0.56,31.84
1.722056318,1.722056318,0.192187552,0.192187552,11,11,0.83,0.83,0.55,0.55,33.08
1.944491589,1.944491589,0.165967457,0.165967457,11,11,0.83,0.83,0.57,0.57,32.16
2.160248007,2.160248007,0.194354095,0.194354095,11,11,0.83,0.83,0.59,0.59,38.37
1.047016893,1.047016893,0.212750843,0.212750843,11,11,0.83,0.83,0.6,0.6,17.27
1.211604576,1.211604576,0.259527255,0.259527255,11,11,0.83,0.83,0.66,0.66,20.99
2.284281372,2.284281372,0.338324917,0.338324917,11,11,0.83,0.83,0.69,0.69,48.89
1.186929859,1.186929859,0.420547203,0.420547203,11,11,0.83,0.83,0.74,0.74,26.11
0.132745718,0.132745718,0.701437449,0.701437449,11,11,0.83,0.83,1.16,1.16,1.75
0.145217178,0.145217178,0.634544062,0.634544062,11,11,0.83,0.83,0.69,0.69,3.8
0.709097613,0.709097613,0.500066819,0.500066819,11,11,0.83,0.83,0.69,0.69,20.39
0.473846859,0.473846859,0.480689594,0.480689594,11,11,0.83,0.83,0.67,0.67,12.52
0.621450482,0.621450482,0.374417591,0.374417591,11,11,0.83,0.83,0.66,0.66,13.98
0.573589823,0.573589823,0.427719124,0.427719124,11,11,0.83,0.83,0.65,0.65,14.1
0.855564405,0.855564405,0.340841216,0.340841216,11,11,0.83,0.83,0.67,0.67,17.48
0.428731793,0.428731793,0.417601124,0.417601124,11,11,0.83,0.83,0.67,0.67,8.63
1.457228845,1.457228845,0.297941372,0.297941372,11,11,0.83,0.83,0.7,0.7,26.16
-9999,-9999,0.455915155,0.455915155,11,11,0.83,0.83,0.83,0.83,165543.24
0.282517123,0.282517123,0.547401057,0.547401057,11,11,0.83,0.83,1.02,1.02,4.61
0.734089988,0.734089988,0.389695914,0.389695914,11,11,0.83,0.83,0.67,0.67,17.57
1.14336686,1.14336686,0.275953322,0.275953322,11,11,0.83,0.83,0.6,0.6,23.41
1.501944671,1.501944671,0.207205639,0.207205639,11,11,0.83,0.83,0.56,0.56,25.89
1.920171535,1.920171535,0.171171628,0.171171628,11,11,0.83,0.83,0.57,0.57,27.95
1.66053406,1.66053406,0.167647193,0.167647193,11,11,0.83,0.83,0.59,0.59,21.06
2.05168859,2.05168859,0.175669033,0.175669033,11,11,0.83,0.83,0.61,0.61,25.76
1.759839826,1.759839826,0.204312713,0.204312713,11,11,0.83,0.83,0.63,0.63,22.59
1.470061561,1.470061561,0.314938294,0.314938294,11,11,0.83,0.83,0.68,0.68,23.54
0.953554186,0.953554186,0.422629846,0.422629846,11,11,0.83,0.83,0.77,0.77,15.22
0.257248508,0.257248508,0.545014134,0.545014134,11,11,0.83,0.83,1.28,1.28,2.78
0.712329897,0.712329897,0.375950215,0.375950215,11,11,0.83,0.83,0.7,0.7,14.85
1.118997036,1.118997036,0.268914027,0.268914027,11,11,0.83,0.83,0.58,0.58,21.12
1.443374072,1.443374072,0.202765822,0.202765822,11,11,0.83,0.83,0.57,0.57,21.81
1.713745638,1.713745638,0.169424386,0.169424386,11,11,0.83,0.83,0.58,0.58,21.58
1.653346081,1.653346081,0.194520339,0.194520339,11,11,0.83,0.83,0.63,0.63,20.57
1.860751452,1.860751452,0.243916689,0.243916689,11,11,0.83,0.83,0.63,0.63,27.31
1.949036803,1.949036803,0.277030256,0.277030256,11,11,0.83,0.83,0.7,0.7,28.03
1.176190345,1.176190345,0.303685227,0.303685227,11,11,0.83,0.83,0.72,0.72,15.43
0.891577458,0.891577458,0.42074701,0.42074701,11,11,0.83,0.83,0.81,0.81,12.33
0.259395068,0.259395068,0.536486677,0.536486677,11,11,0.83,0.83,1.29,1.29,2.78
0.712331907,0.712331907,0.373600382,0.373600382,11,11,0.83,0.83,0.69,0.69,14.75
1.083390894,1.083390894,0.269067352,0.269067352,11,11,0.83,0.83,0.59,0.59,20.05
1.494841256,1.494841256,0.206400143,0.206400143,11,11,0.83,0.83,0.58,0.58,21.97
1.59030187,1.59030187,0.162318707,0.162318707,11,11,0.83,0.83,0.6,0.6,18.09
1.736044177,1.736044177,0.213256726,0.213256726,11,11,0.83,0.83,0.64,0.64,22.49
1.655547077,1.655547077,0.192169295,0.192169295,11,11,0.83,0.83,0.67,0.67,18.09
1.600539652,1.600539652,0.292417252,0.292417252,11,11,0.83,0.83,0.7,0.7,23.2
1.124965573,1.124965573,0.374524315,0.374524315,11,11,0.83,0.83,0.75,0.75,16.88
0.818247808,0.818247808,0.427678493,0.427678493,11,11,0.83,0.83,0.88,0.88,10.22
0.232160276,0.232160276,0.545843185,0.545843185,11,11,0.83,0.83,1.23,1.23,2.45
0.660459596,0.660459596,0.379935586,0.379935586,11,11,0.83,0.83,0.71,0.71,12.45
1.040193824,1.040193824,0.273577988,0.273577988,11,11,0.83,0.83,0.61,0.61,17.79
1.329923218,1.329923218,0.210379223,0.210379223,11,11,0.83,0.83,0.6,0.6,18.1
1.670170006,1.670170006,0.172510263,0.172510263,11,11,0.83,0.83,0.61,0.61,18.35
1.82319189,1.82319189,0.204254492,0.204254492,11,11,0.83,0.83,0.64,0.64,21.14
1.638303103,1.638303103,0.246689813,0.246689813,11,11,0.83,0.83,0.71,0.71,18.65
1.414531082,1.414531082,0.216440726,0.216440726,11,11,0.83,0.83,0.69,0.69,13.76
1.118397199,1.118397199,0.311131835,0.311131835,11,11,0.83,0.83,0.71,0.71,13.14
0.628063421,0.628063421,0.508256747,0.508256747,11,11,0.83,0.83,0.84,0.84,7.92
0.190164215,0.190164215,0.560025169,0.560025169,11,11,0.83,0.83,1.11,1.11,1.73
0.369597174,0.369597174,0.407722472,0.407722472,11,11,0.83,0.83,0.73,0.73,5.77
0.854491142,0.854491142,0.282022464,0.282022464,11,11,0.83,0.83,0.62,0.62,13.52
0.903439629,0.903439629,0.296332379,0.296332379,11,11,0.83,0.83,0.61,0.61,14.69
0.554154989,0.554154989,0.346094454,0.346094454,11,11,0.83,0.83,0.7,0.7,7.65
1.373971957,1.373971957,0.235715773,0.235715773,11,11,0.83,0.83,0.73,0.73,17.71
1.132926353,1.132926353,0.250896807,0.250896807,11,11,0.83,0.83,0.62,0.62,18.63
0.903081007,0.903081007,0.562584715,0.562584715,11,11,0.83,0.83,0.63,0.63,26.42
0.015023264,0.015023264,0.563012442,0.563012442,11,11,0.83,0.83,0.69,0.69,-0.81
0.587922207,0.587922207,0.521412632,0.521412632,11,11,0.83,0.83,0.83,0.83,13.42
0.137709836,0.137709836,0.635267854,0.635267854,11,11,0.83,0.83,0.53,0.53,4.47
0.383185959,0.383185959,0.510240268,0.510240268,11,11,0.83,0.83,0.68,0.68,9.25
1.135050434,1.135050434,0.312850903,0.312850903,11,11,0.83,0.83,0.64,0.64,21.71
1.137719556,1.137719556,0.302361018,0.302361018,11,11,0.83,0.83,0.61,0.61,21.79
1.495132236,1.495132236,0.2118634,0.2118634,11,11,0.83,0.83,0.57,0.57,23.55
1.750826828,1.750826828,0.20050551,0.20050551,11,11,0.83,0.83,0.63,0.63,23.19
1.642554493,1.642554493,0.204390367,0.204390367,11,11,0.83,0.83,0.62,0.62,20.85
1.733715766,1.733715766,0.311871651,0.311871651,11,11,0.83,0.83,0.64,0.64,27.59
0.249430499,0.249430499,0.44020993,0.44020993,11,11,0.83,0.83,0.73,0.73,1.22
0.702838994,0.702838994,0.434146367,0.434146367,11,11,0.83,0.83,0.83,0.83,7.54
0.207838852,0.207838852,0.58320965,0.58320965,11,11,0.83,0.83,1.16,1.16,1.39
0.605598339,0.605598339,0.389251914,0.389251914,11,11,0.83,0.83,0.83,0.83,8.17
0.992150346,0.992150346,0.281620868,0.281620868,11,11,0.83,0.83,0.64,0.64,13.7
1.315204192,1.315204192,0.220278296,0.220278296,11,11,0.83,0.83,0.63,0.63,14.86
1.605296543,1.605296543,0.180799147,0.180799147,11,11,0.83,0.83,0.64,0.64,14.97
1.481947941,1.481947941,0.177767537,0.177767537,11,11,0.83,0.83,0.66,0.66,12.11
1.491841887,1.491841887,0.184775528,0.184775528,11,11,0.83,0.83,0.67,0.67,11.47
1.305740528,1.305740528,0.231675278,0.231675278,11,11,0.83,0.83,0.69,0.69,11.14
0.682275338,0.682275338,0.385718075,0.385718075,11,11,0.83,0.83,0.7,0.7,7.08
0.374792555,0.374792555,0.669597461,0.669597461,11,11,0.83,0.83,0.83,0.83,5.53
0.07773877,0.07773877,0.676374372,0.676374372,11,11,0.83,0.83,0.83,0.83,1.6
0.272276846,0.272276846,0.511696527,0.511696527,11,11,0.83,0.83,0.72,0.72,6.73
0.608738893,0.608738893,0.414281928,0.414281928,11,11,0.83,0.83,0.64,0.64,15.18
0.902178497,0.902178497,0.30313757,0.30313757,11,11,0.83,0.83,0.63,0.63,18.59
1.425789692,1.425789692,0.239394239,0.239394239,11,11,0.83,0.83,0.6,0.6,26.53
1.397278595,1.397278595,0.187160536,0.187160536,11,11,0.83,0.83,0.59,0.59,21.93
1.374424883,1.374424883,0.214353544,0.214353544,11,11,0.83,0.83,0.6,0.6,23.1
1.196581328,1.196581328,0.242415144,0.242415144,11,11,0.83,0.83,0.61,0.61,21.28
0.921508544,0.921508544,0.342268914,0.342268914,11,11,0.83,0.83,0.64,0.64,19.37
0.610530553,0.610530553,0.481603773,0.481603773,11,11,0.83,0.83,0.75,0.75,13.49
0.206518485,0.206518485,0.513108194,0.513108194,11,11,0.83,0.83,1.34,1.34,2.78
0.547618489,0.547618489,0.356201552,0.356201552,11,11,0.83,0.83,0.73,0.73,11.43
0.826905026,0.826905026,0.278164239,0.278164239,11,11,0.83,0.83,0.6,0.6,17.37
1.060459562,1.060459562,0.217347342,0.217347342,11,11,0.83,0.83,0.6,0.6,18.58
1.119059816,1.119059816,0.181211839,0.181211839,11,11,0.83,0.83,0.61,0.61,16.45
1.125518744,1.125518744,0.181919035,0.181919035,11,11,0.83,0.83,0.62,0.62,15.69
1.059780315,1.059780315,0.190515152,0.190515152,11,11,0.83,0.83,0.63,0.63,14.34
1.077318089,1.077318089,0.233620202,0.233620202,11,11,0.83,0.83,0.64,0.64,15.94
0.807183674,0.807183674,0.326546294,0.326546294,11,11,0.83,0.83,0.69,0.69,13.36
0.50903177,0.50903177,0.460354446,0.460354446,11,11,0.83,0.83,0.82,0.82,8.43
0.16408492,0.16408492,0.546413889,0.546413889,11,11,0.83,0.83,1.46,1.46,1.76
0.455357565,0.455357565,0.389030104,0.389030104,11,11,0.83,0.83,0.76,0.76,8.86
0.719603239,0.719603239,0.284957979,0.284957979,11,11,0.83,0.83,0.65,0.65,12.81
0.956772939,0.956772939,0.220927972,0.220927972,11,11,0.83,0.83,0.64,0.64,13.63
1.116384495,1.116384495,0.183150227,0.183150227,11,11,0.83,0.83,0.64,0.64,13.07
0.908922325,0.908922325,0.183045861,0.183045861,11,11,0.83,0.83,0.66,0.66,9.37
0.884929566,0.884929566,0.190913745,0.190913745,11,11,0.83,0.83,0.68,0.68,8.6
1.054813192,1.054813192,0.23249105,0.23249105,11,11,0.83,0.83,0.71,0.71,11.51
0.779820967,0.779820967,0.32685666,0.32685666,11,11,0.83,0.83,0.77,0.77,9.64
0.464434452,0.464434452,0.476370888,0.476370888,11,11,0.83,0.83,0.94,0.94,5.56
0.078546729,0.078546729,0.594848486,0.594848486,11,11,0.83,0.83,1.61,1.61,0.2
0.41508174,0.41508174,0.405790383,0.405790383,11,11,0.83,0.83,0.86,0.86,6.88
0.499655031,0.499655031,0.363310096,0.363310096,11,11,0.83,0.83,0.76,0.76,8.45
0.881449885,0.881449885,0.33487145,0.33487145,11,11,0.83,0.83,0.69,0.69,15.89
0.718873343,0.718873343,0.387959801,0.387959801,11,11,0.83,0.83,0.83,0.83,11.97
0.445385639,0.445385639,0.381345858,0.381345858,11,11,0.83,0.83,0.84,0.84,6.26
0.924924079,0.924924079,0.232468964,0.232468964,11,11,0.83,0.83,0.85,0.85,9.53
0.543000172,0.543000172,0.337201855,0.337201855,11,11,0.83,0.83,0.82,0.82,6.75
0.548721764,0.548721764,0.399441263,0.399441263,11,11,0.83,0.83,0.86,0.86,7.27
0.388200294,0.388200294,0.501732309,0.501732309,11,11,0.83,0.83,1.06,1.06,4.24
0.022309172,0.022309172,0.773984407,0.773984407,11,11,0.83,0.83,1.56,1.56,-0.34
0.04678289,0.04678289,0.718637263,0.718637263,11,11,0.83,0.83,0.93,0.93,0.57
0.082715797,0.082715797,0.594114302,0.594114302,11,11,0.83,0.83,0.91,0.91,1.33
0.161055886,0.161055886,0.614434128,0.614434128,11,11,0.83,0.83,0.91,0.91,3.31
0.414030394,0.414030394,0.400733544,0.400733544,11,11,0.83,0.83,0.86,0.86,7.49
0.28589717,0.28589717,0.302648398,0.302648398,11,11,0.83,0.83,0.61,0.61,5.78
0.241040576,0.241040576,0.338228508,0.338228508,11,11,0.83,0.83,0.83,0.83,3.33
0.748991174,0.748991174,0.300214352,0.300214352,11,11,0.83,0.83,0.84,0.84,10.93
0.402376122,0.402376122,0.515894211,0.515894211,11,11,0.83,0.83,0.9,0.9,7.64
0.217047471,0.217047471,0.563440494,0.563440494,11,11,0.83,0.83,0.9,0.9,3.99
0.124825154,0.124825154,0.561730236,0.561730236,11,11,0.83,0.83,1.66,1.66,1.24
0.384738706,0.384738706,0.410715897,0.410715897,11,11,0.83,0.83,0.92,0.92,6.76
0.505217795,0.505217795,0.340258876,0.340258876,11,11,0.83,0.83,0.83,0.83,8.84
0.821880186,0.821880186,0.234643356,0.234643356,11,11,0.83,0.83,0.77,0.77,11
0.854362984,0.854362984,0.197518397,0.197518397,11,11,0.83,0.83,0.76,0.76,9.78
0.86884892,0.86884892,0.201192413,0.201192413,11,11,0.83,0.83,0.77,0.77,9.55
0.818851369,0.818851369,0.212548825,0.212548825,11,11,0.83,0.83,0.8,0.8,8.59
0.757839177,0.757839177,0.262253535,0.262253535,11,11,0.83,0.83,0.84,0.84,8.6
0.566898593,0.566898593,0.368209374,0.368209374,11,11,0.83,0.83,0.9,0.9,7.22
0.349712544,0.349712544,0.523994783,0.523994783,11,11,0.83,0.83,1.09,1.09,4.4
0.053113636,0.053113636,0.607007853,0.607007853,11,11,0.83,0.83,2.1,2.1,-0.01
0.253712272,0.253712272,0.453366898,0.453366898,11,11,0.83,0.83,1.04,1.04,3.73
0.211269444,0.211269444,0.414242573,0.414242573,11,11,0.83,0.83,0.95,0.95,2.85
0.665567713,0.665567713,0.22811542,0.22811542,11,11,0.83,0.83,0.9,0.9,6.82
0.505495473,0.505495473,0.191385885,0.191385885,11,11,0.83,0.83,0.86,0.86,3.91
0.442846694,0.442846694,0.19319436,0.19319436,11,11,0.83,0.83,0.87,0.87,2.88
0.617676008,0.617676008,0.193157656,0.193157656,11,11,0.83,0.83,0.92,0.92,4.09
0.522661692,0.522661692,0.238463612,0.238463612,11,11,0.83,0.83,0.97,0.97,3.48
0.301494379,0.301494379,0.354614657,0.354614657,11,11,0.83,0.83,1.07,1.07,1.87
0.160344279,0.160344279,0.561570166,0.561570166,11,11,0.83,0.83,1.31,1.31,0.76
0.023327404,0.023327404,0.762743443,0.762743443,11,11,0.83,0.83,1.14,1.14,0.11
0.047677408,0.047677408,0.732839509,0.732839509,11,11,0.83,0.83,1.15,1.15,0.64
0.076391005,0.076391005,0.703305756,0.703305756,11,11,0.83,0.83,1.17,1.17,1.24
0.058840634,0.058840634,0.700438612,0.700438612,11,11,0.83,0.83,1.18,1.18,0.84
0.09745938,0.09745938,0.668389928,0.668389928,11,11,0.83,0.83,1.2,1.2,1.58
0.077589683,0.077589683,0.697450628,0.697450628,11,11,0.83,0.83,1.21,1.21,1.21
0.071317973,0.071317973,0.660939117,0.660939117,11,11,0.83,0.83,1.18,1.18,1.06
0.137190811,0.137190811,0.571852864,0.571852864,11,11,0.83,0.83,1.26,1.26,1.97
0.15375073,0.15375073,0.509223353,0.509223353,11,11,0.83,0.83,1.17,1.17,2.19
0.113509376,0.113509376,0.631057338,0.631057338,11,11,0.83,0.83,1.21,1.21,1.7
0.016208755,0.016208755,0.776562189,0.776562189,11,11,0.83,0.83,1.19,1.19,-0.04
0.030811722,0.030811722,0.750452777,0.750452777,11,11,0.83,0.83,1.25,1.25,0.25
0.05729638,0.05729638,0.732769893,0.732769893,11,11,0.83,0.83,1.22,1.22,0.84
0.078496304,0.078496304,0.686733795,0.686733795,11,11,0.83,0.83,1.28,1.28,1.17
0.064962604,0.064962604,0.680628562,0.680628562,11,11,0.83,0.83,1.48,1.48,0.72
0.099352599,0.099352599,0.662510713,0.662510713,11,11,0.83,0.83,1.49,1.49,1.25
0.110365574,0.110365574,0.635871645,0.635871645,11,11,0.83,0.83,1.41,1.41,1.48
0.101098339,0.101098339,0.651649426,0.651649426,11,11,0.83,0.83,1.4,1.4,1.34
0.091412062,0.091412062,0.676117399,0.676117399,11,11,0.83,0.83,1.43,1.43,1.16
0.040185391,0.040185391,0.737308746,0.737308746,11,11,0.83,0.83,1.45,1.45,0.3
0.015993427,0.015993427,0.776267151,0.776267151,11,11,0.83,0.83,1.46,1.46,-0.16
0.045904794,0.045904794,0.7247391,0.7247391,11,11,0.83,0.83,1.23,1.23,0.51
0.069354021,0.069354021,0.682117362,0.682117362,11,11,0.83,0.83,1.28,1.28,0.9
0.087222017,0.087222017,0.644997685,0.644997685,11,11,0.83,0.83,1.37,1.37,1.07
0.178535844,0.178535844,0.576324994,0.576324994,11,11,0.83,0.83,1.46,1.46,2.26
0.150638411,0.150638411,0.628783329,0.628783329,11,11,0.83,0.83,1.45,1.45,1.97
0.088336752,0.088336752,0.679465682,0.679465682,11,11,0.83,0.83,1.55,1.55,0.94
0.064995098,0.064995098,0.702704687,0.702704687,11,11,0.83,0.83,1.27,1.27,0.83
0.049229069,0.049229069,0.724050925,0.724050925,11,11,0.83,0.83,1.1,1.1,0.7
0.035355631,0.035355631,0.758768503,0.758768503,11,11,0.83,0.83,1.05,1.05,0.44
0.005012135,0.005012135,0.730060004,0.730060004,11,11,0.83,0.83,1.14,1.14,-0.38
0.023777014,0.023777014,0.73242191,0.73242191,11,11,0.83,0.83,1.4,1.4,-0.05
0.043527614,0.043527614,0.704308681,0.704308681,11,11,0.83,0.83,1.4,1.4,0.31
0.179867447,0.179867447,0.600583527,0.600583527,11,11,0.83,0.83,1.37,1.37,2.54
0.170018391,0.170018391,0.547661134,0.547661134,11,11,0.83,0.83,1.45,1.45,2
0.142069679,0.142069679,0.604648155,0.604648155,11,11,0.83,0.83,1.59,1.59,1.53
0.177107896,0.177107896,0.531666667,0.531666667,11,11,0.83,0.83,1.15,1.15,2.64
0.158263834,0.158263834,0.586264896,0.586264896,11,11,0.83,0.83,0.67,0.67,4.64
0.092724075,0.092724075,0.673553028,0.673553028,11,11,0.83,0.83,0.6,0.6,3.11
0.043155311,0.043155311,0.724807953,0.724807953,11,11,0.83,0.83,1.26,1.26,0.24
0.037860001,0.037860001,0.738781146,0.738781146,11,11,0.83,0.83,1.26,1.26,0.25
0.108913951,0.108913951,0.67798267,0.67798267,11,11,0.83,0.83,1.3,1.3,1.51
0.14840201,0.14840201,0.628126593,0.628126593,11,11,0.83,0.83,1.37,1.37,1.98
0.171609738,0.171609738,0.619062804,0.619062804,11,11,0.83,0.83,1.28,1.28,2.5
0.186479545,0.186479545,0.582047307,0.582047307,11,11,0.83,0.83,1.34,1.34,2.44
0.20877379,0.20877379,0.522056974,0.522056974,11,11,0.83,0.83,1.31,1.31,2.49
0.313818016,0.313818016,0.500494559,0.500494559,11,11,0.83,0.83,1.34,1.34,3.69
0.201716312,0.201716312,0.583930359,0.583930359,11,11,0.83,0.83,1.34,1.34,2.15
0.241919258,0.241919258,0.543256578,0.543256578,11,11,0.83,0.83,1.34,1.34,2.45
0.128771421,0.128771421,0.654130405,0.654130405,11,11,0.83,0.83,1.41,1.41,0.89
0.06088787,0.06088787,0.641819254,0.641819254,11,11,0.83,0.83,1.38,1.38,-0.73
0.239258156,0.239258156,0.446612678,0.446612678,11,11,0.83,0.83,1.41,1.41,0.79
0.42942752,0.42942752,0.329538018,0.329538018,11,11,0.83,0.83,1.27,1.27,1.99
0.47914505,0.47914505,0.259083843,0.259083843,11,11,0.83,0.83,1.3,1.3,1.14
0.541743565,0.541743565,0.214985746,0.214985746,11,11,0.83,0.83,1.38,1.38,0.38
0.595037412,0.595037412,0.210499174,0.210499174,11,11,0.83,0.83,1.58,1.58,-0.29
0.569504716,0.569504716,0.220069131,0.220069131,11,11,0.83,0.83,1.62,1.62,-0.91
0.456809867,0.456809867,0.258395596,0.258395596,11,11,0.83,0.83,1.61,1.61,-1.66
0.320336842,0.320336842,0.355424101,0.355424101,11,11,0.83,0.83,1.69,1.69,-2.4
0.163559789,0.163559789,0.50493602,0.50493602,11,11,0.83,0.83,1.86,1.86,-2.96
0.051768867,0.051768867,0.612918349,0.612918349,11,11,0.83,0.83,3.06,3.06,0.13
0.20950105,0.20950105,0.417680476,0.417680476,11,11,0.83,0.83,1.7,1.7,2.01
0.275116878,0.275116878,0.328475327,0.328475327,11,11,0.83,0.83,1.71,1.71,2.23
0.371676463,0.371676463,0.308512305,0.308512305,11,11,0.83,0.83,1.82,1.82,2.72
0.089151324,0.089151324,0.498691031,0.498691031,11,11,0.83,0.83,2.16,2.16,0.4
0.1107394,0.1107394,0.531161824,0.531161824,11,11,0.83,0.83,3.08,3.08,0.29
0.055442283,0.055442283,0.608104491,0.608104491,11,11,0.83,0.83,2.7,2.7,0
0.095110155,0.095110155,0.608566826,0.608566826,11,11,0.83,0.83,2.82,2.82,0.26
0.129346292,0.129346292,0.549224195,0.549224195,11,11,0.83,0.83,2.58,2.58,0.49
0.064732183,0.064732183,0.707796574,0.707796574,11,11,0.83,0.83,2.66,2.66,-0.03
0.019031923,0.019031923,0.706318824,0.706318824,11,11,0.83,0.83,2.39,2.39,-0.23
0.079656818,0.079656818,0.609492551,0.609492551,11,11,0.83,0.83,1.94,1.94,0.47
0.107777743,0.107777743,0.664086045,0.664086045,11,11,0.83,0.83,1.93,1.93,0.84
0.027300552,0.027300552,0.627351336,0.627351336,11,11,0.83,0.83,2.05,2.05,-0.24
0.063878479,0.063878479,0.646101575,0.646101575,11,11,0.83,0.83,1.32,1.32,0.6
0.091994923,0.091994923,0.609145239,0.609145239,11,11,0.83,0.83,1.81,1.81,0.56
0.077131051,0.077131051,0.620829649,0.620829649,11,11,0.83,0.83,1.52,1.52,0.56
0.039985202,0.039985202,0.665665124,0.665665124,11,11,0.83,0.83,1.63,1.63,-0.04
0.0251468,0.0251468,0.704643307,0.704643307,11,11,0.83,0.83,2,2,-0.32
0.017636643,0.017636643,0.727982295,0.727982295,11,11,0.83,0.83,2.29,2.29,-0.44
0.010697806,0.010697806,0.771708376,0.771708376,11,11,0.83,0.83,1.9,1.9,-0.21
0.033769859,0.033769859,0.698378855,0.698378855,11,11,0.83,0.83,1.98,1.98,0.08
0.080460206,0.080460206,0.611522487,0.611522487,11,11,0.83,0.83,2.33,2.33,0.45
0.11898351,0.11898351,0.577860059,0.577860059,11,11,0.83,0.83,2.53,2.53,0.69
0.102124835,0.102124835,0.567577173,0.567577173,11,11,0.83,0.83,2.76,2.76,0.41
0.080420823,0.080420823,0.506280938,0.506280938,11,11,0.83,0.83,2.96,2.96,0.1
0.098204209,0.098204209,0.627649398,0.627649398,11,11,0.83,0.83,3.55,3.55,0.2
0.093253815,0.093253815,0.615836636,0.615836636,11,11,0.83,0.83,2.75,2.75,0.34
0.091861284,0.091861284,0.480370042,0.480370042,11,11,0.83,0.83,2.88,2.88,0.1
0.039283587,0.039283587,0.722951203,0.722951203,11,11,0.83,0.83,3.01,3.01,-0.18
0.004874912,0.004874912,0.777743461,0.777743461,11,11,0.83,0.83,3.02,3.02,-0.34
0.01508263,0.01508263,0.730060004,0.730060004,11,11,0.83,0.83,2.57,2.57,-0.23
0.054353159,0.054353159,0.678175923,0.678175923,11,11,0.83,0.83,2.41,2.41,0.17
0.028986093,0.028986093,0.706922985,0.706922985,11,11,0.83,0.83,2.52,2.52,-0.13
0.037941041,0.037941041,0.672402236,0.672402236,11,11,0.83,0.83,2.34,2.34,-0.03
0.039264826,0.039264826,0.622779004,0.622779004,11,11,0.83,0.83,2.9,2.9,-0.14
0.04984222,0.04984222,0.616949225,0.616949225,11,11,0.83,0.83,2.76,2.76,-0.07
0.029050592,0.029050592,0.686277269,0.686277269,11,11,0.83,0.83,7.02,7.02,-0.42
0.019018284,0.019018284,0.722196114,0.722196114,11,11,0.83,0.83,3.24,3.24,-0.37
0.015151206,0.015151206,0.73242191,0.73242191,11,11,0.83,0.83,3.14,3.14,-0.41
0.005226602,0.005226602,0.778852535,0.778852535,11,11,0.83,0.83,3.84,3.84,-0.6
0.008497265,0.008497265,0.755675255,0.755675255,11,11,0.83,0.83,4.19,4.19,-0.6
0.024578734,0.024578734,0.704643307,0.704643307,11,11,0.83,0.83,5.21,5.21,-0.55
0.038302614,0.038302614,0.65699521,0.65699521,11,11,0.83,0.83,4.43,4.43,-0.5
0.04122877,0.04122877,0.627172566,0.627172566,11,11,0.83,0.83,8.41,8.41,-0.64
0.03967264,0.03967264,0.628723597,0.628723597,11,11,0.83,0.83,8.54,8.54,-0.64
0.0286068,0.0286068,0.71768211,0.71768211,11,11,0.83,0.83,2.64,2.64,-0.44
0.008480765,0.008480765,0.735489841,0.735489841,11,11,0.83,0.83,6.36,6.36,-0.69
0.033792219,0.033792219,0.645917462,0.645917462,11,11,0.83,0.83,20.87,20.87,-0.75
0.007252984,0.007252984,0.744346556,0.744346556,11,11,0.83,0.83,85.64,85.64,-0.81
0.005630332,0.005630332,0.781595019,0.781595019,11,11,0.83,0.83,28.42,28.42,-0.51
0.014090795,0.014090795,0.743216009,0.743216009,11,11,0.83,0.83,0,0,28661.07
0.016622388,0.016622388,0.711910163,0.711910163,11,11,0.83,0.83,0,0,31996.72
0.021911996,0.021911996,0.70571518,0.70571518,11,11,0.83,0.83,0,0,43716.2
0.020227765,0.020227765,0.695862252,0.695862252,11,11,0.83,0.83,0,0,40793.83
0.039578171,0.039578171,0.644507673,0.644507673,11,11,0.83,0.83,0,0,81347.32
0.02201792,0.02201792,0.688890083,0.688890083,11,11,0.83,0.83,0,0,47725.81
0.034055573,0.034055573,0.680693225,0.680693225,11,11,0.83,0.83,0,0,71039.99
0.009672895,0.009672895,0.730198728,0.730198728,11,11,0.83,0.83,8.6,8.6,-0.52
0.006619874,0.006619874,0.766520718,0.766520718,11,11,0.83,0.83,0,0,16638.56
0.011793073,0.011793073,0.735699486,0.735699486,11,11,0.83,0.83,29.64,29.64,-0.33
0.041587502,0.041587502,0.604246198,0.604246198,11,11,0.83,0.83,3.82,3.82,-0.08
0.052284625,0.052284625,0.554940959,0.554940959,11,11,0.83,0.83,2.39,2.39,0.18
0.107536227,0.107536227,0.46931854,0.46931854,11,11,0.83,0.83,1.9,1.9,0.82
0.066977032,0.066977032,0.437707871,0.437707871,11,11,0.83,0.83,24.62,24.62,-0.36
0.108833167,0.108833167,0.413338441,0.413338441,11,11,0.83,0.83,88.1,88.1,-0.4
0.094252122,0.094252122,0.454963287,0.454963287,11,11,0.83,0.83,0,0,162396.67
0.098392077,0.098392077,0.570496325,0.570496325,11,11,0.83,0.83,0,0,188567.39
0.070053778,0.070053778,0.629739806,0.629739806,11,11,0.83,0.83,0,0,136640.44
0.02605302,0.02605302,0.7084693,0.7084693,11,11,0.83,0.83,0,0,54564.2
0.011439315,0.011439315,0.736958608,0.736958608,11,11,0.83,0.83,0,0,24521.41
0.042812809,0.042812809,0.661064707,0.661064707,11,11,0.83,0.83,3026.38,3026.38,-0.28
0.076457646,0.076457646,0.58900032,0.58900032,11,11,0.83,0.83,0,0,145249.71
0.10502649,0.10502649,0.503068693,0.503068693,11,11,0.83,0.83,0,0,188676.86
0.112054059,0.112054059,0.336945679,0.336945679,11,11,0.83,0.83,0,0,164566.38
0.192768851,0.192768851,0.274645652,0.274645652,11,11,0.83,0.83,0,0,290691.7
0.151780858,0.151780858,0.254231871,0.254231871,11,11,0.83,0.83,0,0,225625.94
0.128036697,0.128036697,0.309892892,0.309892892,11,11,0.83,0.83,0,0,205019.27
0.083192176,0.083192176,0.412867504,0.412867504,11,11,0.83,0.83,0,0,142804.01
0.027995425,0.027995425,0.586599162,0.586599162,11,11,0.83,0.83,30.35,30.35,-0.55
0.005482385,0.005482385,0.764847699,0.764847699,11,11,0.83,0.83,6.03,6.03,-0.29
0.010710025,0.010710025,0.733536038,0.733536038,11,11,0.83,0.83,4.77,4.77,-0.25
0.019148495,0.019148495,0.689806917,0.689806917,11,11,0.83,0.83,4.41,4.41,-0.21
0.015122666,0.015122666,0.66598139,0.66598139,11,11,0.83,0.83,0,0,36735.05
0.070741501,0.070741501,0.588664686,0.588664686,11,11,0.83,0.83,0,0,175484.76
0.055848827,0.055848827,0.612627282,0.612627282,11,11,0.83,0.83,0,0,127873.46
0.073886905,0.073886905,0.597680738,0.597680738,11,11,0.83,0.83,0,0,180944.26
0.060828632,0.060828632,0.634182474,0.634182474,11,11,0.83,0.83,3.83,3.83,0
0.016580782,0.016580782,0.728328169,0.728328169,11,11,0.83,0.83,7.85,7.85,-0.35
0.007167793,0.007167793,0.706587276,0.706587276,11,11,0.83,0.83,8.54,8.54,-0.41
-9999,-9999,0.632437706,0.632437706,11,11,0.83,0.83,2.6,2.6,54370.48
0.078120393,0.078120393,0.450233676,0.450233676,11,11,0.83,0.83,0,0,143488.97
0.095826263,0.095826263,0.359874992,0.359874992,11,11,0.83,0.83,7.16,7.16,-0.27
0.120116883,0.120116883,0.291363529,0.291363529,11,11,0.83,0.83,0,0,207052.6
0.13986316,0.13986316,0.253676981,0.253676981,11,11,0.83,0.83,0,0,234065.97
0.163600237,0.163600237,0.217388642,0.217388642,11,11,0.83,0.83,0,0,249477
0.13785507,0.13785507,0.320187489,0.320187489,11,11,0.83,0.83,0,0,258053.77
0.061484179,0.061484179,0.319397602,0.319397602,11,11,0.83,0.83,0,0,117127.44
0.057272432,0.057272432,0.398039691,0.398039691,11,11,0.83,0.83,0,0,120498.52
0.033076343,0.033076343,0.589896282,0.589896282,11,11,0.83,0.83,0,0,64132.64
0.000754567,0.000754567,0.778556627,0.778556627,11,11,0.83,0.83,6.83,6.83,-0.24
0.004910712,0.004910712,0.758480225,0.758480225,11,11,0.83,0.83,0,0,12565.5
0.004337866,0.004337866,0.757616051,0.757616051,11,11,0.83,0.83,0,0,11661.37
0.012490932,0.012490932,0.714756359,0.714756359,11,11,0.83,0.83,0,0,48226.82
0.006814643,0.006814643,0.685690752,0.685690752,11,11,0.83,0.83,0,0,28159.69
0.006702867,0.006702867,0.627947603,0.627947603,11,11,0.83,0.83,0,0,28163.77
-9999,-9999,0.50599244,0.50599244,11,11,0.83,0.83,0,0,1.03316E+11
0.08067429,0.08067429,0.560983631,0.560983631,11,11,0.83,0.83,0,0,378730.05
0.057102599,0.057102599,0.613850693,0.613850693,11,11,0.83,0.83,0,0,226050.28
0.018949094,0.018949094,0.7007714,0.7007714,11,11,0.83,0.83,0,0,60684.3
